y1000 = 
0
0.000578705
0.00115741
0.00173611
0.00231482
0.00289352
0.00347222
0.00405092
0.00462962
0.00520832
0.00578701
0.00636571
0.0069444
0.00752308
0.00810177
0.00868045
0.00925913
0.0098378
0.0104165
0.0109951
0.0115738
0.0121525
0.0127311
0.0133098
0.0138884
0.014467
0.0150457
0.0156243
0.0162029
0.0167815
0.0173601
0.0179387
0.0185173
0.0190959
0.0196745
0.020253
0.0208316
0.0214102
0.0219887
0.0225672
0.0231458
0.0237243
0.0243028
0.0248813
0.0254598
0.0260383
0.0266167
0.0271952
0.0277736
0.0283521
0.0289305
0.0295089
0.0300873
0.0306657
0.0312441
0.0318224
0.0324008
0.0329791
0.0335575
0.0341358
0.0347141
0.0352924
0.0358706
0.0364489
0.0370271
0.0376054
0.0381836
0.0387618
0.03934
0.0399181
0.0404963
0.0410744
0.0416526
0.0422307
0.0428088
0.0433868
0.0439649
0.0445429
0.0451209
0.0456989
0.0462769
0.0468549
0.0474328
0.0480108
0.0485887
0.0491666
0.0497444
0.0503223
0.0509001
0.0514779
0.0520557
0.0526335
0.0532112
0.053789
0.0543667
0.0549444
0.055522
0.0560997
0.0566773
0.0572549
0.0578324
0.05841
0.0589875
0.059565
0.0601425
0.06072
0.0612974
0.0618748
0.0624522
0.0630296
0.0636069
0.0641842
0.0647615
0.0653388
0.065916
0.0664932
0.0670704
0.0676475
0.0682247
0.0688018
0.0693788
0.0699559
0.0705329
0.0711099
0.0716869
0.0722638
0.0728407
0.0734176
0.0739944
0.0745713
0.075148
0.0757248
0.0763015
0.0768782
0.0774549
0.0780315
0.0786082
0.0791847
0.0797613
0.0803378
0.0809143
0.0814907
0.0820672
0.0826435
0.0832199
0.0837962
0.0843725
0.0849488
0.085525
0.0861012
0.0866773
0.0872534
0.0878295
0.0884056
0.0889816
0.0895576
0.0901335
0.0907094
0.0912853
0.0918611
0.0924369
0.0930127
0.0935884
0.0941641
0.0947398
0.0953154
0.095891
0.0964665
0.097042
0.0976175
0.0981929
0.0987683
0.0993436
0.099919
0.100494
0.101069
0.101645
0.10222
0.102795
0.10337
0.103945
0.10452
0.105095
0.10567
0.106245
0.10682
0.107394
0.107969
0.108544
0.109118
0.109693
0.110268
0.110842
0.111417
0.111991
0.112565
0.11314
0.113714
0.114288
0.114862
0.115437
0.116011
0.116585
0.117159
0.117733
0.118307
0.118881
0.119455
0.120028
0.120602
0.121176
0.121749
0.122323
0.122897
0.12347
0.124044
0.124617
0.12519
0.125764
0.126337
0.12691
0.127483
0.128056
0.128629
0.129202
0.129775
0.130348
0.130921
0.131494
0.132067
0.132639
0.133212
0.133785
0.134357
0.13493
0.135502
0.136074
0.136647
0.137219
0.137791
0.138363
0.138936
0.139508
0.14008
0.140652
0.141223
0.141795
0.142367
0.142939
0.14351
0.144082
0.144654
0.145225
0.145797
0.146368
0.146939
0.147511
0.148082
0.148653
0.149224
0.149795
0.150366
0.150937
0.151508
0.152079
0.152649
0.15322
0.153791
0.154361
0.154932
0.155502
0.156072
0.156643
0.157213
0.157783
0.158353
0.158923
0.159493
0.160063
0.160633
0.161203
0.161773
0.162342
0.162912
0.163481
0.164051
0.16462
0.16519
0.165759
0.166328
0.166897
0.167466
0.168035
0.168604
0.169173
0.169742
0.170311
0.17088
0.171448
0.172017
0.172585
0.173154
0.173722
0.17429
0.174859
0.175427
0.175995
0.176563
0.177131
0.177699
0.178266
0.178834
0.179402
0.179969
0.180537
0.181104
0.181672
0.182239
0.182806
0.183373
0.18394
0.184507
0.185074
0.185641
0.186208
0.186775
0.187341
0.187908
0.188474
0.189041
0.189607
0.190174
0.19074
0.191306
0.191872
0.192438
0.193004
0.19357
0.194135
0.194701
0.195267
0.195832
0.196398
0.196963
0.197528
0.198093
0.198658
0.199224
0.199788
0.200353
0.200918
0.201483
0.202048
0.202612
0.203177
0.203741
0.204305
0.20487
0.205434
0.205998
0.206562
0.207126
0.20769
0.208253
0.208817
0.209381
0.209944
0.210508
0.211071
0.211634
0.212197
0.21276
0.213323
0.213886
0.214449
0.215012
0.215575
0.216137
0.2167
0.217262
0.217825
0.218387
0.218949
0.219511
0.220073
0.220635
0.221197
0.221758
0.22232
0.222882
0.223443
0.224004
0.224566
0.225127
0.225688
0.226249
0.22681
0.227371
0.227932
0.228492
0.229053
0.229613
0.230174
0.230734
0.231294
0.231854
0.232414
0.232974
0.233534
0.234094
0.234653
0.235213
0.235773
0.236332
0.236891
0.23745
0.238009
0.238568
0.239127
0.239686
0.240245
0.240804
0.241362
0.24192
0.242479
0.243037
0.243595
0.244153
0.244711
0.245269
0.245827
0.246385
0.246942
0.2475
0.248057
0.248614
0.249171
0.249728
0.250285
0.250842
0.251399
0.251956
0.252512
0.253069
0.253625
0.254181
0.254738
0.255294
0.25585
0.256406
0.256961
0.257517
0.258073
0.258628
0.259183
0.259739
0.260294
0.260849
0.261404
0.261959
0.262514
0.263068
0.263623
0.264177
0.264732
0.265286
0.26584
0.266394
0.266948
0.267502
0.268055
0.268609
0.269162
0.269716
0.270269
0.270822
0.271375
0.271928
0.272481
0.273034
0.273587
0.274139
0.274692
0.275244
0.275796
0.276348
0.2769
0.277452
0.278004
0.278555
0.279107
0.279658
0.28021
0.280761
0.281312
0.281863
0.282414
0.282965
0.283515
0.284066
0.284616
0.285167
0.285717
0.286267
0.286817
0.287367
0.287917
0.288466
0.289016
0.289565
0.290115
0.290664
0.291213
0.291762
0.292311
0.292859
0.293408
0.293956
0.294505
0.295053
0.295601
0.296149
0.296697
0.297245
0.297793
0.29834
0.298888
0.299435
0.299982
0.300529
0.301076
0.301623
0.30217
0.302716
0.303263
0.303809
0.304356
0.304902
0.305448
0.305994
0.306539
0.307085
0.307631
0.308176
0.308721
0.309266
0.309812
0.310356
0.310901
0.311446
0.31199
0.312535
0.313079
0.313623
0.314167
0.314711
0.315255
0.315799
0.316342
0.316886
0.317429
0.317972
0.318515
0.319058
0.319601
0.320144
0.320686
0.321229
0.321771
0.322313
0.322855
0.323397
0.323939
0.324481
0.325022
0.325564
0.326105
0.326646
0.327187
0.327728
0.328269
0.328809
0.32935
0.32989
0.330431
0.330971
0.331511
0.332051
0.33259
0.33313
0.333669
0.334209
0.334748
0.335287
0.335826
0.336365
0.336903
0.337442
0.33798
0.338519
0.339057
0.339595
0.340133
0.34067
0.341208
0.341745
0.342283
0.34282
0.343357
0.343894
0.344431
0.344967
0.345504
0.34604
0.346576
0.347112
0.347648
0.348184
0.34872
0.349256
0.349791
0.350326
0.350861
0.351396
0.351931
0.352466
0.353001
0.353535
0.354069
0.354603
0.355137
0.355671
0.356205
0.356739
0.357272
0.357805
0.358339
0.358872
0.359405
0.359937
0.36047
0.361002
0.361535
0.362067
0.362599
0.363131
0.363663
0.364194
0.364726
0.365257
0.365788
0.366319
0.36685
0.367381
0.367912
0.368442
0.368972
0.369502
0.370032
0.370562
0.371092
0.371622
0.372151
0.37268
0.37321
0.373739
0.374267
0.374796
0.375325
0.375853
0.376381
0.376909
0.377437
0.377965
0.378493
0.37902
0.379548
0.380075
0.380602
0.381129
0.381656
0.382182
0.382709
0.383235
0.383761
0.384287
0.384813
0.385339
0.385864
0.38639
0.386915
0.38744
0.387965
0.38849
0.389014
0.389539
0.390063
0.390587
0.391111
0.391635
0.392159
0.392682
0.393206
0.393729
0.394252
0.394775
0.395298
0.39582
0.396343
0.396865
0.397387
0.397909
0.398431
0.398953
0.399474
0.399996
0.400517
0.401038
0.401559
0.40208
0.4026
0.403121
0.403641
0.404161
0.404681
0.405201
0.40572
0.40624
0.406759
0.407278
0.407797
0.408316
0.408835
0.409353
0.409871
0.41039
0.410908
0.411425
0.411943
0.412461
0.412978
0.413495
0.414012
0.414529
0.415046
0.415562
0.416079
0.416595
0.417111
0.417627
0.418142
0.418658
0.419173
0.419689
0.420204
0.420719
0.421233
0.421748
0.422262
0.422776
0.42329
0.423804
0.424318
0.424832
0.425345
0.425858
0.426371
0.426884
0.427397
0.427909
0.428422
0.428934
0.429446
0.429958
0.43047
0.430981
0.431492
0.432004
0.432515
0.433025
0.433536
0.434047
0.434557
0.435067
0.435577
0.436087
0.436597
0.437106
0.437615
0.438124
0.438633
0.439142
0.439651
0.440159
0.440667
0.441176
0.441683
0.442191
0.442699
0.443206
0.443713
0.44422
0.444727
0.445234
0.44574
0.446247
0.446753
0.447259
0.447765
0.44827
0.448776
0.449281
0.449786
0.450291
0.450796
0.4513
0.451805
0.452309
0.452813
0.453317
0.453821
0.454324
0.454827
0.45533
0.455833
0.456336
0.456839
0.457341
0.457843
0.458345
0.458847
0.459349
0.459851
0.460352
0.460853
0.461354
0.461855
0.462355
0.462856
0.463356
0.463856
0.464356
0.464856
0.465355
0.465854
0.466354
0.466852
0.467351
0.46785
0.468348
0.468846
0.469344
0.469842
0.47034
0.470837
0.471335
0.471832
0.472329
0.472825
0.473322
0.473818
0.474314
0.47481
0.475306
0.475802
0.476297
0.476792
0.477287
0.477782
0.478277
0.478771
0.479266
0.47976
0.480254
0.480747
0.481241
0.481734
0.482227
0.48272
0.483213
0.483706
0.484198
0.48469
0.485182
0.485674
0.486166
0.486657
0.487148
0.487639
0.48813
0.488621
0.489111
0.489602
0.490092
0.490582
0.491071
0.491561
0.49205
0.492539
0.493028
0.493517
0.494005
0.494494
0.494982
0.49547
0.495957
0.496445
0.496932
0.497419
0.497906
0.498393
0.49888
0.499366
0.499852
0.500338
0.500824
0.50131
0.501795
0.50228
0.502765
0.50325
0.503734
0.504219
0.504703
0.505187
0.505671
0.506154
0.506638
0.507121
0.507604
0.508087
0.508569
0.509052
0.509534
0.510016
0.510498
0.510979
0.511461
0.511942
0.512423
0.512904
0.513384
0.513864
0.514345
0.514825
0.515304
0.515784
0.516263
0.516742
0.517221
0.5177
0.518179
0.518657
0.519135
0.519613
0.520091
0.520568
0.521046
0.521523
0.522
0.522476
0.522953
0.523429
0.523905
0.524381
0.524857
0.525332
0.525807
0.526282
0.526757
0.527232
0.527706
0.52818
0.528654
0.529128
0.529602
0.530075
0.530548
0.531021
0.531494
0.531966
0.532439
0.532911
0.533383
0.533854
0.534326
0.534797
0.535268
0.535739
0.53621
0.53668
0.53715
0.53762
0.53809
0.53856
0.539029
0.539498
0.539967
0.540436
0.540904
0.541372
0.541841
0.542308
0.542776
0.543244
0.543711
0.544178
0.544645
0.545111
0.545577
0.546044
0.54651
0.546975
0.547441
0.547906
0.548371
0.548836
0.549301
0.549765
0.550229
0.550693
0.551157
0.55162
0.552084
0.552547
0.55301
0.553472
0.553935
0.554397
0.554859
0.555321
0.555783
0.556244
0.556705
0.557166
0.557627
0.558087
0.558547
0.559007
0.559467
0.559927
0.560386
0.560845
0.561304
0.561763
0.562221
0.56268
0.563138
0.563596
0.564053
0.564511
0.564968
0.565425
0.565881
0.566338
0.566794
0.56725
0.567706
0.568162
0.568617
0.569072
0.569527
0.569982
0.570436
0.57089
0.571344
0.571798
0.572252
0.572705
0.573158
0.573611
0.574064
0.574516
0.574968
0.57542
0.575872
0.576324
0.576775
0.577226
0.577677
0.578128
0.578578
0.579028
0.579478
0.579928
0.580377
0.580826
0.581275
0.581724
0.582173
0.582621
0.583069
0.583517
0.583965
0.584412
0.584859
0.585306
0.585753
0.586199
0.586646
0.587092
0.587537
0.587983
0.588428
0.588873
0.589318
0.589763
0.590207
0.590651
0.591095
0.591539
0.591982
0.592426
0.592869
0.593311
0.593754
0.594196
0.594638
0.59508
0.595522
0.595963
0.596404
0.596845
0.597286
0.597726
0.598166
0.598606
0.599046
0.599485
0.599925
0.600364
0.600802
0.601241
0.601679
0.602117
0.602555
0.602992
0.60343
0.603867
0.604304
0.60474
0.605177
0.605613
0.606049
0.606484
0.60692
0.607355
0.60779
0.608225
0.608659
0.609093
0.609527
0.609961
0.610394
0.610828
0.611261
0.611694
0.612126
0.612558
0.61299
0.613422
0.613854
0.614285
0.614716
0.615147
0.615578
0.616008
0.616438
0.616868
0.617297
0.617727
0.618156
0.618585
0.619013
0.619442
0.61987
0.620298
0.620726
0.621153
0.62158
0.622007
0.622434
0.62286
0.623286
0.623712
0.624138
0.624563
0.624989
0.625414
0.625838
0.626263
0.626687
0.627111
0.627535
0.627958
0.628381
0.628804
0.629227
0.62965
0.630072
0.630494
0.630916
0.631337
0.631758
0.632179
0.6326
0.63302
0.633441
0.633861
0.63428
0.6347
0.635119
0.635538
0.635957
0.636375
0.636794
0.637212
0.637629
0.638047
0.638464
0.638881
0.639298
0.639714
0.64013
0.640546
0.640962
0.641378
0.641793
0.642208
0.642622
0.643037
0.643451
0.643865
0.644279
0.644692
0.645105
0.645518
0.645931
0.646343
0.646755
0.647167
0.647579
0.64799
0.648401
0.648812
0.649223
0.649633
0.650043
0.650453
0.650863
0.651272
0.651681
0.65209
0.652499
0.652907
0.653315
0.653723
0.65413
0.654538
0.654945
0.655351
0.655758
0.656164
0.65657
0.656976
0.657381
0.657786
0.658191
0.658596
0.659
0.659405
0.659809
0.660212
0.660616
0.661019
0.661422
0.661824
0.662226
0.662629
0.66303
0.663432
0.663833
0.664234
0.664635
0.665035
0.665436
0.665836
0.666235
0.666635
0.667034
0.667433
0.667832
0.66823
0.668628
0.669026
0.669424
0.669821
0.670218
0.670615
0.671011
0.671408
0.671804
0.672199
0.672595
0.67299
0.673385
0.67378
0.674174
0.674568
0.674962
0.675356
0.675749
0.676142
0.676535
0.676928
0.67732
0.677712
0.678104
0.678495
0.678887
0.679278
0.679668
0.680059
0.680449
0.680839
0.681228
0.681618
0.682007
0.682395
0.682784
0.683172
0.68356
0.683948
0.684335
0.684723
0.68511
0.685496
0.685883
0.686269
0.686654
0.68704
0.687425
0.68781
0.688195
0.68858
0.688964
0.689348
0.689731
0.690115
0.690498
0.690881
0.691263
0.691646
0.692028
0.692409
0.692791
0.693172
0.693553
0.693934
0.694314
0.694694
0.695074
0.695453
0.695833
0.696212
0.696591
0.696969
0.697347
0.697725
0.698103
0.69848
0.698857
0.699234
0.69961
0.699987
0.700363
0.700738
0.701114
0.701489
0.701864
0.702238
0.702613
0.702987
0.703361
0.703734
0.704107
0.70448
0.704853
0.705225
0.705597
0.705969
0.706341
0.706712
0.707083
0.707454
0.707824
0.708194
0.708564
0.708934
0.709303
0.709672
0.710041
0.710409
0.710777
0.711145
0.711513
0.71188
0.712247
0.712614
0.71298
0.713347
0.713713
0.714078
0.714444
0.714809
0.715173
0.715538
0.715902
0.716266
0.71663
0.716993
0.717356
0.717719
0.718082
0.718444
0.718806
0.719168
0.719529
0.71989
0.720251
0.720612
0.720972
0.721332
0.721692
0.722051
0.72241
0.722769
0.723127
0.723486
0.723844
0.724201
0.724559
0.724916
0.725273
0.725629
0.725986
0.726342
0.726697
0.727053
0.727408
0.727763
0.728117
0.728472
0.728825
0.729179
0.729533
0.729886
0.730238
0.730591
0.730943
0.731295
0.731647
0.731998
0.732349
0.7327
0.733051
0.733401
0.733751
0.7341
0.73445
0.734799
0.735148
0.735496
0.735844
0.736192
0.73654
0.736887
0.737234
0.737581
0.737927
0.738274
0.738619
0.738965
0.73931
0.739655
0.74
0.740344
0.740688
0.741032
0.741376
0.741719
0.742062
0.742405
0.742747
0.743089
0.743431
0.743772
0.744114
0.744454
0.744795
0.745135
0.745475
0.745815
0.746154
0.746494
0.746832
0.747171
0.747509
0.747847
0.748185
0.748522
0.748859
0.749196
0.749532
0.749869
0.750204
0.75054
0.750875
0.75121
0.751545
0.751879
0.752213
0.752547
0.752881
0.753214
0.753547
0.753879
0.754212
0.754544
0.754876
0.755207
0.755538
0.755869
0.756199
0.75653
0.75686
0.757189
0.757519
0.757848
0.758176
0.758505
0.758833
0.759161
0.759488
0.759815
0.760142
0.760469
0.760795
0.761121
0.761447
0.761773
0.762098
0.762423
0.762747
0.763071
0.763395
0.763719
0.764042
0.764365
0.764688
0.76501
0.765332
0.765654
0.765976
0.766297
0.766618
0.766938
0.767259
0.767579
0.767898
0.768218
0.768537
0.768856
0.769174
0.769492
0.76981
0.770128
0.770445
0.770762
0.771079
0.771395
0.771711
0.772027
0.772342
0.772657
0.772972
0.773287
0.773601
0.773915
0.774229
0.774542
0.774855
0.775168
0.77548
0.775792
0.776104
0.776415
0.776726
0.777037
0.777348
0.777658
0.777968
0.778278
0.778587
0.778896
0.779205
0.779513
0.779821
0.780129
0.780436
0.780743
0.78105
0.781357
0.781663
0.781969
0.782275
0.78258
0.782885
0.78319
0.783494
0.783798
0.784102
0.784405
0.784709
0.785011
0.785314
0.785616
0.785918
0.78622
0.786521
0.786822
0.787123
0.787423
0.787723
0.788023
0.788322
0.788621
0.78892
0.789218
0.789517
0.789815
0.790112
0.790409
0.790706
0.791003
0.791299
0.791595
0.791891
0.792186
0.792481
0.792776
0.79307
0.793365
0.793658
0.793952
0.794245
0.794538
0.79483
0.795123
0.795415
0.795706
0.795997
0.796288
0.796579
0.796869
0.79716
0.797449
0.797739
0.798028
0.798317
0.798605
0.798893
0.799181
0.799468
0.799756
0.800043
0.800329
0.800615
0.800901
0.801187
0.801472
0.801757
0.802042
0.802326
0.80261
0.802894
0.803177
0.80346
0.803743
0.804026
0.804308
0.80459
0.804871
0.805152
0.805433
0.805714
0.805994
0.806274
0.806553
0.806833
0.807112
0.80739
0.807669
0.807947
0.808224
0.808502
0.808779
0.809055
0.809332
0.809608
0.809884
0.810159
0.810434
0.810709
0.810983
0.811258
0.811531
0.811805
0.812078
0.812351
0.812624
0.812896
0.813168
0.813439
0.813711
0.813982
0.814252
0.814523
0.814793
0.815062
0.815332
0.815601
0.815869
0.816138
0.816406
0.816673
0.816941
0.817208
0.817475
0.817741
0.818007
0.818273
0.818539
0.818804
0.819069
0.819333
0.819597
0.819861
0.820125
0.820388
0.820651
0.820913
0.821176
0.821437
0.821699
0.82196
0.822221
0.822482
0.822742
0.823002
0.823262
0.823521
0.82378
0.824039
0.824297
0.824555
0.824813
0.82507
0.825327
0.825584
0.82584
0.826096
0.826352
0.826608
0.826863
0.827117
0.827372
0.827626
0.82788
0.828133
0.828386
0.828639
0.828892
0.829144
0.829396
0.829647
0.829898
0.830149
0.8304
0.83065
0.8309
0.831149
0.831398
0.831647
0.831896
0.832144
0.832392
0.832639
0.832887
0.833133
0.83338
0.833626
0.833872
0.834118
0.834363
0.834608
0.834852
0.835097
0.835341
0.835584
0.835828
0.83607
0.836313
0.836555
0.836797
0.837039
0.83728
0.837521
0.837762
0.838002
0.838242
0.838482
0.838721
0.83896
0.839199
0.839437
0.839675
0.839913
0.84015
0.840387
0.840624
0.84086
0.841096
0.841331
0.841567
0.841802
0.842036
0.842271
0.842505
0.842738
0.842972
0.843205
0.843437
0.84367
0.843902
0.844133
0.844365
0.844596
0.844826
0.845057
0.845287
0.845516
0.845746
0.845975
0.846203
0.846432
0.84666
0.846887
0.847115
0.847342
0.847568
0.847795
0.848021
0.848246
0.848472
0.848697
0.848921
0.849146
0.84937
0.849593
0.849817
0.85004
0.850262
0.850484
0.850706
0.850928
0.851149
0.85137
0.851591
0.851811
0.852031
0.852251
0.85247
0.852689
0.852908
0.853126
0.853344
0.853561
0.853779
0.853996
0.854212
0.854428
0.854644
0.85486
0.855075
0.85529
0.855505
0.855719
0.855933
0.856146
0.856359
0.856572
0.856785
0.856997
0.857209
0.85742
0.857631
0.857842
0.858053
0.858263
0.858473
0.858682
0.858891
0.8591
0.859309
0.859517
0.859725
0.859932
0.860139
0.860346
0.860552
0.860758
0.860964
0.86117
0.861375
0.861579
0.861784
0.861988
0.862192
0.862395
0.862598
0.862801
0.863003
0.863205
0.863407
0.863608
0.863809
0.86401
0.86421
0.86441
0.864609
0.864809
0.865008
0.865206
0.865404
0.865602
0.8658
0.865997
0.866194
0.866391
0.866587
0.866783
0.866978
0.867173
0.867368
0.867563
0.867757
0.867951
0.868144
0.868337
0.86853
0.868722
0.868915
0.869106
0.869298
0.869489
0.869679
0.86987
0.87006
0.87025
0.870439
0.870628
0.870817
0.871005
0.871193
0.87138
0.871568
0.871755
0.871941
0.872128
0.872313
0.872499
0.872684
0.872869
0.873054
0.873238
0.873422
0.873605
0.873788
0.873971
0.874154
0.874336
0.874517
0.874699
0.87488
0.875061
0.875241
0.875421
0.875601
0.87578
0.875959
0.876138
0.876316
0.876494
0.876672
0.876849
0.877026
0.877202
0.877379
0.877555
0.87773
0.877905
0.87808
0.878255
0.878429
0.878603
0.878776
0.878949
0.879122
0.879294
0.879466
0.879638
0.87981
0.879981
0.880151
0.880322
0.880492
0.880661
0.88083
0.880999
0.881168
0.881336
0.881504
0.881672
0.881839
0.882006
0.882172
0.882338
0.882504
0.88267
0.882835
0.883
0.883164
0.883328
0.883492
0.883655
0.883818
0.883981
0.884143
0.884305
0.884467
0.884628
0.884789
0.88495
0.88511
0.88527
0.885429
0.885588
0.885747
0.885906
0.886064
0.886222
0.886379
0.886536
0.886693
0.886849
0.887005
0.887161
0.887316
0.887471
0.887626
0.88778
0.887934
0.888088
0.888241
0.888394
0.888546
0.888699
0.88885
0.889002
0.889153
0.889304
0.889454
0.889604
0.889754
0.889903
0.890052
0.890201
0.890349
0.890497
0.890645
0.890792
0.890939
0.891086
0.891232
0.891378
0.891523
0.891668
0.891813
0.891958
0.892102
0.892246
0.892389
0.892532
0.892675
0.892817
0.892959
0.893101
0.893242
0.893383
0.893523
0.893664
0.893803
0.893943
0.894082
0.894221
0.894359
0.894497
0.894635
0.894773
0.89491
0.895046
0.895183
0.895319
0.895454
0.89559
0.895724
0.895859
0.895993
0.896127
0.896261
0.896394
0.896527
0.896659
0.896791
0.896923
0.897054
0.897185
0.897316
0.897446
0.897576
0.897706
0.897835
0.897964
0.898092
0.898221
0.898349
0.898476
0.898603
0.89873
0.898856
0.898982
0.899108
0.899233
0.899358
0.899483
0.899607
0.899731
0.899855
0.899978
0.900101
0.900223
0.900346
0.900467
0.900589
0.90071
0.900831
0.900951
0.901071
0.901191
0.90131
0.901429
0.901548
0.901666
0.901784
0.901901
0.902018
0.902135
0.902252
0.902368
0.902484
0.902599
0.902714
0.902829
0.902943
0.903057
0.903171
0.903284
0.903397
0.903509
0.903622
0.903733
0.903845
0.903956
0.904067
0.904177
0.904287
0.904397
0.904506
0.904615
0.904724
0.904832
0.90494
0.905047
0.905155
0.905261
0.905368
0.905474
0.90558
0.905685
0.90579
0.905895
0.905999
0.906103
0.906207
0.90631
0.906413
0.906516
0.906618
0.90672
0.906821
0.906922
0.907023
0.907123
0.907223
0.907323
0.907422
0.907521
0.90762
0.907718
0.907816
0.907914
0.908011
0.908108
0.908204
0.9083
0.908396
0.908491
0.908586
0.908681
0.908775
0.908869
0.908963
0.909056
0.909149
0.909241
0.909333
0.909425
0.909517
0.909608
0.909698
0.909789
0.909879
0.909968
0.910058
0.910147
0.910235
0.910323
0.910411
0.910499
0.910586
0.910672
0.910759
0.910845
0.910931
0.911016
0.911101
0.911185
0.91127
0.911354
0.911437
0.91152
0.911603
0.911685
0.911768
0.911849
0.911931
0.912012
0.912092
0.912173
0.912252
0.912332
0.912411
0.91249
0.912569
0.912647
0.912724
0.912802
0.912879
0.912956
0.913032
0.913108
0.913183
0.913259
0.913334
0.913408
0.913482
0.913556
0.913629
0.913703
0.913775
0.913848
0.91392
0.913991
0.914062
0.914133
0.914204
0.914274
0.914344
0.914413
0.914482
0.914551
0.91462
0.914688
0.914755
0.914823
0.91489
0.914956
0.915022
0.915088
0.915154
0.915219
0.915284
0.915348
0.915412
0.915476
0.915539
0.915602
0.915665
0.915727
0.915789
0.91585
0.915911
0.915972
0.916033
0.916093
0.916152
0.916212
0.916271
0.916329
0.916388
0.916445
0.916503
0.91656
0.916617
0.916673
0.91673
0.916785
0.916841
0.916896
0.91695
0.917005
0.917058
0.917112
0.917165
0.917218
0.917271
0.917323
0.917374
0.917426
0.917477
0.917527
0.917578
0.917628
0.917677
0.917726
0.917775
0.917824
0.917872
0.91792
0.917967
0.918014
0.918061
0.918107
0.918153
0.918199
0.918244
0.918289
0.918333
0.918377
0.918421
0.918465
0.918508
0.91855
0.918593
0.918635
0.918676
0.918717
0.918758
0.918799
0.918839
0.918879
0.918918
0.918957
0.918996
0.919034
0.919072
0.91911
0.919147
0.919184
0.91922
0.919257
0.919292
0.919328
0.919363
0.919398
0.919432
0.919466
0.9195
0.919533
0.919566
0.919598
0.91963
0.919662
0.919694
0.919725
0.919755
0.919786
0.919816
0.919845
0.919875
0.919903
0.919932
0.91996
0.919988
0.920015
0.920042
0.920069
0.920096
0.920122
0.920147
0.920172
0.920197
0.920222
0.920246
0.92027
0.920293
0.920316
0.920339
0.920361
0.920383
0.920405
0.920426
0.920447
0.920468
0.920488
0.920508
0.920527
0.920546
0.920565
0.920583
0.920601
0.920619
0.920636
0.920653
0.92067
0.920686
0.920702
0.920717
0.920732
0.920747
0.920761
0.920775
0.920789
0.920802
0.920815
0.920828
0.92084
0.920852
0.920863
0.920874
0.920885
0.920895
0.920905
0.920915
0.920924
0.920933
0.920942
0.92095
0.920958
0.920965
0.920972
0.920979
0.920985
0.920991
0.920997
0.921002
0.921007
0.921012
0.921016
0.92102
0.921023
0.921026
0.921029
0.921031
0.921033
0.921035
0.921036
0.921037
0.921038
0.921038
0.921038
0.921037
0.921036
0.921035
0.921033
0.921031
0.921029
0.921026
0.921023
0.92102
0.921016
0.921012
0.921007
0.921002
0.920997
0.920991
0.920985
0.920979
0.920972
0.920965
0.920958
0.92095
0.920942
0.920933
0.920924
0.920915
0.920905
0.920895
0.920885
0.920874
0.920863
0.920852
0.92084
0.920828
0.920815
0.920802
0.920789
0.920775
0.920761
0.920747
0.920732
0.920717
0.920702
0.920686
0.92067
0.920653
0.920636
0.920619
0.920601
0.920583
0.920565
0.920546
0.920527
0.920508
0.920488
0.920468
0.920447
0.920426
0.920405
0.920383
0.920361
0.920339
0.920316
0.920293
0.92027
0.920246
0.920222
0.920197
0.920172
0.920147
0.920122
0.920096
0.920069
0.920042
0.920015
0.919988
0.91996
0.919932
0.919903
0.919875
0.919845
0.919816
0.919786
0.919755
0.919725
0.919694
0.919662
0.91963
0.919598
0.919566
0.919533
0.9195
0.919466
0.919432
0.919398
0.919363
0.919328
0.919292
0.919257
0.91922
0.919184
0.919147
0.91911
0.919072
0.919034
0.918996
0.918957
0.918918
0.918879
0.918839
0.918799
0.918758
0.918717
0.918676
0.918635
0.918593
0.91855
0.918508
0.918465
0.918421
0.918377
0.918333
0.918289
0.918244
0.918199
0.918153
0.918107
0.918061
0.918014
0.917967
0.91792
0.917872
0.917824
0.917775
0.917726
0.917677
0.917628
0.917578
0.917527
0.917477
0.917426
0.917374
0.917323
0.917271
0.917218
0.917165
0.917112
0.917058
0.917005
0.91695
0.916896
0.916841
0.916785
0.91673
0.916673
0.916617
0.91656
0.916503
0.916445
0.916388
0.916329
0.916271
0.916212
0.916152
0.916093
0.916033
0.915972
0.915911
0.91585
0.915789
0.915727
0.915665
0.915602
0.915539
0.915476
0.915412
0.915348
0.915284
0.915219
0.915154
0.915088
0.915022
0.914956
0.91489
0.914823
0.914755
0.914688
0.91462
0.914551
0.914482
0.914413
0.914344
0.914274
0.914204
0.914133
0.914062
0.913991
0.91392
0.913848
0.913775
0.913703
0.913629
0.913556
0.913482
0.913408
0.913334
0.913259
0.913183
0.913108
0.913032
0.912956
0.912879
0.912802
0.912724
0.912647
0.912569
0.91249
0.912411
0.912332
0.912252
0.912173
0.912092
0.912012
0.911931
0.911849
0.911768
0.911685
0.911603
0.91152
0.911437
0.911354
0.91127
0.911185
0.911101
0.911016
0.910931
0.910845
0.910759
0.910672
0.910586
0.910499
0.910411
0.910323
0.910235
0.910147
0.910058
0.909968
0.909879
0.909789
0.909698
0.909608
0.909517
0.909425
0.909333
0.909241
0.909149
0.909056
0.908963
0.908869
0.908775
0.908681
0.908586
0.908491
0.908396
0.9083
0.908204
0.908108
0.908011
0.907914
0.907816
0.907718
0.90762
0.907521
0.907422
0.907323
0.907223
0.907123
0.907023
0.906922
0.906821
0.90672
0.906618
0.906516
0.906413
0.90631
0.906207
0.906103
0.905999
0.905895
0.90579
0.905685
0.90558
0.905474
0.905368
0.905261
0.905155
0.905047
0.90494
0.904832
0.904724
0.904615
0.904506
0.904397
0.904287
0.904177
0.904067
0.903956
0.903845
0.903733
0.903622
0.903509
0.903397
0.903284
0.903171
0.903057
0.902943
0.902829
0.902714
0.902599
0.902484
0.902368
0.902252
0.902135
0.902018
0.901901
0.901784
0.901666
0.901548
0.901429
0.90131
0.901191
0.901071
0.900951
0.900831
0.90071
0.900589
0.900467
0.900346
0.900223
0.900101
0.899978
0.899855
0.899731
0.899607
0.899483
0.899358
0.899233
0.899108
0.898982
0.898856
0.89873
0.898603
0.898476
0.898349
0.898221
0.898092
0.897964
0.897835
0.897706
0.897576
0.897446
0.897316
0.897185
0.897054
0.896923
0.896791
0.896659
0.896527
0.896394
0.896261
0.896127
0.895993
0.895859
0.895724
0.89559
0.895454
0.895319
0.895183
0.895046
0.89491
0.894773
0.894635
0.894497
0.894359
0.894221
0.894082
0.893943
0.893803
0.893664
0.893523
0.893383
0.893242
0.893101
0.892959
0.892817
0.892675
0.892532
0.892389
0.892246
0.892102
0.891958
0.891813
0.891668
0.891523
0.891378
0.891232
0.891086
0.890939
0.890792
0.890645
0.890497
0.890349
0.890201
0.890052
0.889903
0.889754
0.889604
0.889454
0.889304
0.889153
0.889002
0.88885
0.888699
0.888546
0.888394
0.888241
0.888088
0.887934
0.88778
0.887626
0.887471
0.887316
0.887161
0.887005
0.886849
0.886693
0.886536
0.886379
0.886222
0.886064
0.885906
0.885747
0.885588
0.885429
0.88527
0.88511
0.88495
0.884789
0.884628
0.884467
0.884305
0.884143
0.883981
0.883818
0.883655
0.883492
0.883328
0.883164
0.883
0.882835
0.88267
0.882504
0.882338
0.882172
0.882006
0.881839
0.881672
0.881504
0.881336
0.881168
0.880999
0.88083
0.880661
0.880492
0.880322
0.880151
0.879981
0.87981
0.879638
0.879466
0.879294
0.879122
0.878949
0.878776
0.878603
0.878429
0.878255
0.87808
0.877905
0.87773
0.877555
0.877379
0.877202
0.877026
0.876849
0.876672
0.876494
0.876316
0.876138
0.875959
0.87578
0.875601
0.875421
0.875241
0.875061
0.87488
0.874699
0.874517
0.874336
0.874154
0.873971
0.873788
0.873605
0.873422
0.873238
0.873054
0.872869
0.872684
0.872499
0.872313
0.872128
0.871941
0.871755
0.871568
0.87138
0.871193
0.871005
0.870817
0.870628
0.870439
0.87025
0.87006
0.86987
0.869679
0.869489
0.869298
0.869106
0.868915
0.868722
0.86853
0.868337
0.868144
0.867951
0.867757
0.867563
0.867368
0.867173
0.866978
0.866783
0.866587
0.866391
0.866194
0.865997
0.8658
0.865602
0.865405
0.865206
0.865008
0.864809
0.864609
0.86441
0.86421
0.86401
0.863809
0.863608
0.863407
0.863205
0.863003
0.862801
0.862598
0.862395
0.862192
0.861988
0.861784
0.861579
0.861375
0.86117
0.860964
0.860758
0.860552
0.860346
0.860139
0.859932
0.859725
0.859517
0.859309
0.8591
0.858891
0.858682
0.858473
0.858263
0.858053
0.857842
0.857631
0.85742
0.857209
0.856997
0.856785
0.856572
0.856359
0.856146
0.855933
0.855719
0.855505
0.85529
0.855075
0.85486
0.854644
0.854428
0.854212
0.853996
0.853779
0.853561
0.853344
0.853126
0.852908
0.852689
0.85247
0.852251
0.852031
0.851811
0.851591
0.85137
0.851149
0.850928
0.850706
0.850484
0.850262
0.85004
0.849817
0.849593
0.84937
0.849146
0.848921
0.848697
0.848472
0.848246
0.848021
0.847795
0.847568
0.847342
0.847115
0.846887
0.84666
0.846432
0.846203
0.845975
0.845746
0.845516
0.845287
0.845057
0.844826
0.844596
0.844365
0.844133
0.843902
0.84367
0.843437
0.843205
0.842972
0.842738
0.842505
0.842271
0.842036
0.841802
0.841567
0.841331
0.841096
0.84086
0.840624
0.840387
0.84015
0.839913
0.839675
0.839437
0.839199
0.83896
0.838721
0.838482
0.838242
0.838002
0.837762
0.837521
0.83728
0.837039
0.836797
0.836555
0.836313
0.83607
0.835828
0.835584
0.835341
0.835097
0.834852
0.834608
0.834363
0.834118
0.833872
0.833626
0.83338
0.833133
0.832887
0.832639
0.832392
0.832144
0.831896
0.831647
0.831398
0.831149
0.8309
0.83065
0.8304
0.830149
0.829898
0.829647
0.829396
0.829144
0.828892
0.828639
0.828386
0.828133
0.82788
0.827626
0.827372
0.827117
0.826863
0.826608
0.826352
0.826096
0.82584
0.825584
0.825327
0.82507
0.824813
0.824555
0.824297
0.824039
0.82378
0.823521
0.823262
0.823002
0.822742
0.822482
0.822221
0.82196
0.821699
0.821437
0.821176
0.820913
0.820651
0.820388
0.820125
0.819861
0.819597
0.819333
0.819069
0.818804
0.818539
0.818273
0.818007
0.817741
0.817475
0.817208
0.816941
0.816673
0.816406
0.816138
0.815869
0.815601
0.815332
0.815062
0.814793
0.814523
0.814252
0.813982
0.813711
0.813439
0.813168
0.812896
0.812624
0.812351
0.812078
0.811805
0.811531
0.811258
0.810983
0.810709
0.810434
0.810159
0.809884
0.809608
0.809332
0.809055
0.808779
0.808502
0.808224
0.807947
0.807669
0.80739
0.807112
0.806833
0.806553
0.806274
0.805994
0.805714
0.805433
0.805152
0.804871
0.80459
0.804308
0.804026
0.803743
0.80346
0.803177
0.802894
0.80261
0.802326
0.802042
0.801757
0.801472
0.801187
0.800901
0.800615
0.800329
0.800043
0.799756
0.799468
0.799181
0.798893
0.798605
0.798317
0.798028
0.797739
0.797449
0.79716
0.796869
0.796579
0.796288
0.795997
0.795706
0.795415
0.795123
0.79483
0.794538
0.794245
0.793952
0.793658
0.793365
0.79307
0.792776
0.792481
0.792186
0.791891
0.791595
0.791299
0.791003
0.790706
0.790409
0.790112
0.789815
0.789517
0.789218
0.78892
0.788621
0.788322
0.788023
0.787723
0.787423
0.787123
0.786822
0.786521
0.78622
0.785918
0.785616
0.785314
0.785011
0.784709
0.784405
0.784102
0.783798
0.783494
0.78319
0.782885
0.78258
0.782275
0.781969
0.781663
0.781357
0.78105
0.780743
0.780436
0.780129
0.779821
0.779513
0.779205
0.778896
0.778587
0.778278
0.777968
0.777658
0.777348
0.777037
0.776726
0.776415
0.776104
0.775792
0.77548
0.775168
0.774855
0.774542
0.774229
0.773915
0.773601
0.773287
0.772972
0.772657
0.772342
0.772027
0.771711
0.771395
0.771079
0.770762
0.770445
0.770128
0.76981
0.769492
0.769174
0.768856
0.768537
0.768218
0.767898
0.767579
0.767259
0.766938
0.766618
0.766297
0.765976
0.765654
0.765332
0.76501
0.764688
0.764365
0.764042
0.763719
0.763395
0.763071
0.762747
0.762423
0.762098
0.761773
0.761447
0.761121
0.760795
0.760469
0.760142
0.759815
0.759488
0.759161
0.758833
0.758505
0.758176
0.757848
0.757519
0.757189
0.75686
0.75653
0.756199
0.755869
0.755538
0.755207
0.754876
0.754544
0.754212
0.753879
0.753547
0.753214
0.752881
0.752547
0.752213
0.751879
0.751545
0.75121
0.750875
0.75054
0.750204
0.749869
0.749532
0.749196
0.748859
0.748522
0.748185
0.747847
0.747509
0.747171
0.746832
0.746494
0.746154
0.745815
0.745475
0.745135
0.744795
0.744454
0.744114
0.743772
0.743431
0.743089
0.742747
0.742405
0.742062
0.741719
0.741376
0.741032
0.740688
0.740344
0.74
0.739655
0.73931
0.738965
0.738619
0.738274
0.737927
0.737581
0.737234
0.736887
0.73654
0.736192
0.735844
0.735496
0.735148
0.734799
0.73445
0.7341
0.733751
0.733401
0.733051
0.7327
0.732349
0.731998
0.731647
0.731295
0.730943
0.730591
0.730239
0.729886
0.729533
0.729179
0.728825
0.728472
0.728117
0.727763
0.727408
0.727053
0.726697
0.726342
0.725986
0.725629
0.725273
0.724916
0.724559
0.724201
0.723844
0.723486
0.723127
0.722769
0.72241
0.722051
0.721692
0.721332
0.720972
0.720612
0.720251
0.71989
0.719529
0.719168
0.718806
0.718444
0.718082
0.717719
0.717356
0.716993
0.71663
0.716266
0.715902
0.715538
0.715173
0.714809
0.714444
0.714078
0.713713
0.713347
0.71298
0.712614
0.712247
0.71188
0.711513
0.711145
0.710777
0.710409
0.710041
0.709672
0.709303
0.708934
0.708564
0.708194
0.707824
0.707454
0.707083
0.706712
0.706341
0.705969
0.705597
0.705225
0.704853
0.70448
0.704107
0.703734
0.703361
0.702987
0.702613
0.702238
0.701864
0.701489
0.701114
0.700738
0.700363
0.699987
0.69961
0.699234
0.698857
0.69848
0.698103
0.697725
0.697347
0.696969
0.696591
0.696212
0.695833
0.695453
0.695074
0.694694
0.694314
0.693934
0.693553
0.693172
0.692791
0.692409
0.692028
0.691646
0.691263
0.690881
0.690498
0.690115
0.689731
0.689348
0.688964
0.68858
0.688195
0.68781
0.687425
0.68704
0.686654
0.686269
0.685883
0.685496
0.68511
0.684723
0.684335
0.683948
0.68356
0.683172
0.682784
0.682395
0.682007
0.681618
0.681228
0.680839
0.680449
0.680059
0.679668
0.679278
0.678887
0.678495
0.678104
0.677712
0.67732
0.676928
0.676535
0.676142
0.675749
0.675356
0.674962
0.674568
0.674174
0.67378
0.673385
0.67299
0.672595
0.672199
0.671804
0.671408
0.671011
0.670615
0.670218
0.669821
0.669424
0.669026
0.668628
0.66823
0.667832
0.667433
0.667034
0.666635
0.666235
0.665836
0.665436
0.665035
0.664635
0.664234
0.663833
0.663432
0.66303
0.662629
0.662226
0.661824
0.661422
0.661019
0.660616
0.660212
0.659809
0.659405
0.659
0.658596
0.658191
0.657786
0.657381
0.656976
0.65657
0.656164
0.655758
0.655351
0.654945
0.654538
0.65413
0.653723
0.653315
0.652907
0.652499
0.65209
0.651681
0.651272
0.650863
0.650453
0.650043
0.649633
0.649223
0.648812
0.648401
0.64799
0.647579
0.647167
0.646755
0.646343
0.645931
0.645518
0.645105
0.644692
0.644279
0.643865
0.643451
0.643037
0.642622
0.642208
0.641793
0.641378
0.640962
0.640546
0.64013
0.639714
0.639298
0.638881
0.638464
0.638047
0.637629
0.637212
0.636794
0.636375
0.635957
0.635538
0.635119
0.6347
0.63428
0.633861
0.633441
0.63302
0.6326
0.632179
0.631758
0.631337
0.630916
0.630494
0.630072
0.62965
0.629227
0.628804
0.628381
0.627958
0.627535
0.627111
0.626687
0.626263
0.625838
0.625414
0.624989
0.624563
0.624138
0.623712
0.623286
0.62286
0.622434
0.622007
0.62158
0.621153
0.620726
0.620298
0.61987
0.619442
0.619013
0.618585
0.618156
0.617727
0.617297
0.616868
0.616438
0.616008
0.615578
0.615147
0.614716
0.614285
0.613854
0.613422
0.61299
0.612558
0.612126
0.611694
0.611261
0.610828
0.610394
0.609961
0.609527
0.609093
0.608659
0.608225
0.60779
0.607355
0.60692
0.606484
0.606049
0.605613
0.605177
0.60474
0.604304
0.603867
0.60343
0.602992
0.602555
0.602117
0.601679
0.601241
0.600802
0.600364
0.599925
0.599485
0.599046
0.598606
0.598166
0.597726
0.597286
0.596845
0.596404
0.595963
0.595522
0.59508
0.594638
0.594196
0.593754
0.593311
0.592869
0.592426
0.591982
0.591539
0.591095
0.590651
0.590207
0.589763
0.589318
0.588873
0.588428
0.587983
0.587537
0.587092
0.586646
0.586199
0.585753
0.585306
0.584859
0.584412
0.583965
0.583517
0.583069
0.582621
0.582173
0.581724
0.581275
0.580826
0.580377
0.579928
0.579478
0.579028
0.578578
0.578128
0.577677
0.577226
0.576775
0.576324
0.575872
0.57542
0.574968
0.574516
0.574064
0.573611
0.573158
0.572705
0.572252
0.571798
0.571344
0.57089
0.570436
0.569982
0.569527
0.569072
0.568617
0.568162
0.567706
0.56725
0.566794
0.566338
0.565881
0.565425
0.564968
0.564511
0.564053
0.563596
0.563138
0.56268
0.562222
0.561763
0.561304
0.560845
0.560386
0.559927
0.559467
0.559007
0.558547
0.558087
0.557627
0.557166
0.556705
0.556244
0.555783
0.555321
0.554859
0.554397
0.553935
0.553472
0.55301
0.552547
0.552084
0.55162
0.551157
0.550693
0.550229
0.549765
0.549301
0.548836
0.548371
0.547906
0.547441
0.546975
0.54651
0.546044
0.545577
0.545111
0.544645
0.544178
0.543711
0.543244
0.542776
0.542308
0.541841
0.541372
0.540904
0.540436
0.539967
0.539498
0.539029
0.53856
0.53809
0.53762
0.53715
0.53668
0.53621
0.535739
0.535268
0.534797
0.534326
0.533854
0.533383
0.532911
0.532439
0.531966
0.531494
0.531021
0.530548
0.530075
0.529602
0.529128
0.528654
0.52818
0.527706
0.527232
0.526757
0.526282
0.525807
0.525332
0.524857
0.524381
0.523905
0.523429
0.522953
0.522476
0.522
0.521523
0.521046
0.520568
0.520091
0.519613
0.519135
0.518657
0.518179
0.5177
0.517221
0.516742
0.516263
0.515784
0.515304
0.514825
0.514345
0.513864
0.513384
0.512904
0.512423
0.511942
0.511461
0.510979
0.510498
0.510016
0.509534
0.509052
0.508569
0.508087
0.507604
0.507121
0.506638
0.506154
0.505671
0.505187
0.504703
0.504219
0.503734
0.50325
0.502765
0.50228
0.501795
0.50131
0.500824
0.500338
0.499852
0.499366
0.49888
0.498393
0.497906
0.497419
0.496932
0.496445
0.495957
0.49547
0.494982
0.494494
0.494005
0.493517
0.493028
0.492539
0.49205
0.491561
0.491071
0.490582
0.490092
0.489602
0.489111
0.488621
0.48813
0.487639
0.487148
0.486657
0.486166
0.485674
0.485182
0.48469
0.484198
0.483706
0.483213
0.48272
0.482227
0.481734
0.481241
0.480747
0.480254
0.47976
0.479266
0.478771
0.478277
0.477782
0.477287
0.476792
0.476297
0.475802
0.475306
0.47481
0.474314
0.473818
0.473322
0.472825
0.472329
0.471832
0.471335
0.470837
0.47034
0.469842
0.469344
0.468846
0.468348
0.46785
0.467351
0.466852
0.466354
0.465854
0.465355
0.464856
0.464356
0.463856
0.463356
0.462856
0.462355
0.461855
0.461354
0.460853
0.460352
0.459851
0.459349
0.458847
0.458345
0.457843
0.457341
0.456839
0.456336
0.455833
0.45533
0.454827
0.454324
0.453821
0.453317
0.452813
0.452309
0.451805
0.4513
0.450796
0.450291
0.449786
0.449281
0.448776
0.44827
0.447765
0.447259
0.446753
0.446247
0.44574
0.445234
0.444727
0.44422
0.443713
0.443206
0.442699
0.442191
0.441683
0.441176
0.440668
0.440159
0.439651
0.439142
0.438633
0.438124
0.437615
0.437106
0.436597
0.436087
0.435577
0.435067
0.434557
0.434047
0.433536
0.433025
0.432515
0.432004
0.431492
0.430981
0.43047
0.429958
0.429446
0.428934
0.428422
0.427909
0.427397
0.426884
0.426371
0.425858
0.425345
0.424832
0.424318
0.423804
0.42329
0.422776
0.422262
0.421748
0.421233
0.420719
0.420204
0.419689
0.419173
0.418658
0.418142
0.417627
0.417111
0.416595
0.416079
0.415562
0.415046
0.414529
0.414012
0.413495
0.412978
0.412461
0.411943
0.411425
0.410908
0.41039
0.409871
0.409353
0.408835
0.408316
0.407797
0.407278
0.406759
0.40624
0.40572
0.405201
0.404681
0.404161
0.403641
0.403121
0.4026
0.40208
0.401559
0.401038
0.400517
0.399996
0.399474
0.398953
0.398431
0.397909
0.397387
0.396865
0.396343
0.39582
0.395298
0.394775
0.394252
0.393729
0.393206
0.392682
0.392159
0.391635
0.391111
0.390587
0.390063
0.389539
0.389014
0.38849
0.387965
0.38744
0.386915
0.38639
0.385864
0.385339
0.384813
0.384287
0.383761
0.383235
0.382709
0.382182
0.381656
0.381129
0.380602
0.380075
0.379548
0.37902
0.378493
0.377965
0.377437
0.376909
0.376381
0.375853
0.375325
0.374796
0.374267
0.373739
0.37321
0.37268
0.372151
0.371622
0.371092
0.370562
0.370032
0.369502
0.368972
0.368442
0.367912
0.367381
0.36685
0.366319
0.365788
0.365257
0.364726
0.364194
0.363663
0.363131
0.362599
0.362067
0.361535
0.361002
0.36047
0.359937
0.359405
0.358872
0.358339
0.357805
0.357272
0.356739
0.356205
0.355671
0.355137
0.354603
0.354069
0.353535
0.353001
0.352466
0.351931
0.351396
0.350861
0.350326
0.349791
0.349256
0.34872
0.348184
0.347648
0.347112
0.346576
0.34604
0.345504
0.344967
0.344431
0.343894
0.343357
0.34282
0.342283
0.341745
0.341208
0.34067
0.340133
0.339595
0.339057
0.338519
0.33798
0.337442
0.336903
0.336365
0.335826
0.335287
0.334748
0.334209
0.333669
0.33313
0.33259
0.332051
0.331511
0.330971
0.330431
0.32989
0.32935
0.328809
0.328269
0.327728
0.327187
0.326646
0.326105
0.325564
0.325022
0.324481
0.323939
0.323397
0.322855
0.322313
0.321771
0.321229
0.320686
0.320144
0.319601
0.319058
0.318515
0.317972
0.317429
0.316886
0.316342
0.315799
0.315255
0.314711
0.314167
0.313623
0.313079
0.312535
0.31199
0.311446
0.310901
0.310356
0.309812
0.309266
0.308721
0.308176
0.307631
0.307085
0.306539
0.305994
0.305448
0.304902
0.304356
0.303809
0.303263
0.302716
0.30217
0.301623
0.301076
0.300529
0.299982
0.299435
0.298888
0.29834
0.297793
0.297245
0.296697
0.296149
0.295601
0.295053
0.294505
0.293956
0.293408
0.292859
0.292311
0.291762
0.291213
0.290664
0.290115
0.289565
0.289016
0.288466
0.287917
0.287367
0.286817
0.286267
0.285717
0.285167
0.284616
0.284066
0.283515
0.282965
0.282414
0.281863
0.281312
0.280761
0.28021
0.279658
0.279107
0.278555
0.278004
0.277452
0.2769
0.276348
0.275796
0.275244
0.274692
0.274139
0.273587
0.273034
0.272481
0.271928
0.271375
0.270822
0.270269
0.269716
0.269162
0.268609
0.268055
0.267502
0.266948
0.266394
0.26584
0.265286
0.264732
0.264177
0.263623
0.263068
0.262514
0.261959
0.261404
0.260849
0.260294
0.259739
0.259183
0.258628
0.258073
0.257517
0.256961
0.256406
0.25585
0.255294
0.254738
0.254181
0.253625
0.253069
0.252512
0.251956
0.251399
0.250842
0.250285
0.249728
0.249171
0.248614
0.248057
0.2475
0.246942
0.246385
0.245827
0.245269
0.244711
0.244153
0.243595
0.243037
0.242479
0.24192
0.241362
0.240804
0.240245
0.239686
0.239127
0.238568
0.238009
0.23745
0.236891
0.236332
0.235773
0.235213
0.234653
0.234094
0.233534
0.232974
0.232414
0.231854
0.231294
0.230734
0.230174
0.229613
0.229053
0.228492
0.227932
0.227371
0.22681
0.226249
0.225688
0.225127
0.224566
0.224004
0.223443
0.222882
0.22232
0.221758
0.221197
0.220635
0.220073
0.219511
0.218949
0.218387
0.217825
0.217262
0.2167
0.216137
0.215575
0.215012
0.214449
0.213886
0.213323
0.21276
0.212197
0.211634
0.211071
0.210508
0.209944
0.209381
0.208817
0.208253
0.20769
0.207126
0.206562
0.205998
0.205434
0.20487
0.204305
0.203741
0.203177
0.202612
0.202048
0.201483
0.200918
0.200353
0.199788
0.199224
0.198658
0.198093
0.197528
0.196963
0.196398
0.195832
0.195267
0.194701
0.194135
0.19357
0.193004
0.192438
0.191872
0.191306
0.19074
0.190174
0.189607
0.189041
0.188474
0.187908
0.187341
0.186775
0.186208
0.185641
0.185074
0.184507
0.18394
0.183373
0.182806
0.182239
0.181672
0.181104
0.180537
0.179969
0.179402
0.178834
0.178266
0.177699
0.177131
0.176563
0.175995
0.175427
0.174859
0.17429
0.173722
0.173154
0.172585
0.172017
0.171448
0.17088
0.170311
0.169742
0.169173
0.168604
0.168035
0.167466
0.166897
0.166328
0.165759
0.16519
0.16462
0.164051
0.163481
0.162912
0.162342
0.161773
0.161203
0.160633
0.160063
0.159493
0.158923
0.158353
0.157783
0.157213
0.156643
0.156072
0.155502
0.154932
0.154361
0.153791
0.15322
0.152649
0.152079
0.151508
0.150937
0.150366
0.149795
0.149224
0.148653
0.148082
0.147511
0.146939
0.146368
0.145797
0.145225
0.144654
0.144082
0.14351
0.142939
0.142367
0.141795
0.141223
0.140652
0.14008
0.139508
0.138936
0.138363
0.137791
0.137219
0.136647
0.136074
0.135502
0.13493
0.134357
0.133785
0.133212
0.132639
0.132067
0.131494
0.130921
0.130348
0.129775
0.129202
0.128629
0.128056
0.127483
0.12691
0.126337
0.125764
0.12519
0.124617
0.124044
0.12347
0.122897
0.122323
0.121749
0.121176
0.120602
0.120028
0.119455
0.118881
0.118307
0.117733
0.117159
0.116585
0.116011
0.115437
0.114862
0.114288
0.113714
0.11314
0.112565
0.111991
0.111417
0.110842
0.110268
0.109693
0.109118
0.108544
0.107969
0.107394
0.10682
0.106245
0.10567
0.105095
0.10452
0.103945
0.10337
0.102795
0.10222
0.101645
0.101069
0.100494
0.099919
0.0993437
0.0987683
0.0981929
0.0976175
0.097042
0.0964665
0.095891
0.0953154
0.0947398
0.0941641
0.0935884
0.0930127
0.0924369
0.0918611
0.0912853
0.0907094
0.0901335
0.0895576
0.0889816
0.0884056
0.0878295
0.0872534
0.0866773
0.0861012
0.085525
0.0849488
0.0843725
0.0837962
0.0832199
0.0826435
0.0820672
0.0814907
0.0809143
0.0803378
0.0797613
0.0791847
0.0786082
0.0780316
0.0774549
0.0768782
0.0763015
0.0757248
0.075148
0.0745713
0.0739944
0.0734176
0.0728407
0.0722638
0.0716869
0.0711099
0.0705329
0.0699559
0.0693788
0.0688018
0.0682247
0.0676475
0.0670704
0.0664932
0.065916
0.0653388
0.0647615
0.0641842
0.0636069
0.0630296
0.0624522
0.0618748
0.0612974
0.06072
0.0601425
0.059565
0.0589875
0.05841
0.0578325
0.0572549
0.0566773
0.0560997
0.055522
0.0549444
0.0543667
0.053789
0.0532112
0.0526335
0.0520557
0.0514779
0.0509001
0.0503223
0.0497444
0.0491666
0.0485887
0.0480108
0.0474328
0.0468549
0.0462769
0.0456989
0.0451209
0.0445429
0.0439649
0.0433868
0.0428088
0.0422307
0.0416526
0.0410744
0.0404963
0.0399182
0.03934
0.0387618
0.0381836
0.0376054
0.0370272
0.0364489
0.0358706
0.0352924
0.0347141
0.0341358
0.0335575
0.0329791
0.0324008
0.0318225
0.0312441
0.0306657
0.0300873
0.0295089
0.0289305
0.0283521
0.0277736
0.0271952
0.0266167
0.0260383
0.0254598
0.0248813
0.0243028
0.0237243
0.0231458
0.0225672
0.0219887
0.0214102
0.0208316
0.0202531
0.0196745
0.0190959
0.0185173
0.0179387
0.0173601
0.0167815
0.0162029
0.0156243
0.0150457
0.014467
0.0138884
0.0133098
0.0127311
0.0121525
0.0115738
0.0109951
0.0104165
0.0098378
0.00925913
0.00868045
0.00810177
0.00752309
0.0069444
0.00636571
0.00578702
0.00520832
0.00462963
0.00405093
0.00347223
0.00289352
0.00231482
0.00173612
0.00115741
0.000578708
3.30633e-09
-0.000578702
-0.00115741
-0.00173611
-0.00231481
-0.00289352
-0.00347222
-0.00405092
-0.00462962
-0.00520832
-0.00578701
-0.0063657
-0.00694439
-0.00752308
-0.00810176
-0.00868045
-0.00925912
-0.0098378
-0.0104165
-0.0109951
-0.0115738
-0.0121525
-0.0127311
-0.0133098
-0.0138884
-0.014467
-0.0150457
-0.0156243
-0.0162029
-0.0167815
-0.0173601
-0.0179387
-0.0185173
-0.0190959
-0.0196745
-0.020253
-0.0208316
-0.0214102
-0.0219887
-0.0225672
-0.0231458
-0.0237243
-0.0243028
-0.0248813
-0.0254598
-0.0260383
-0.0266167
-0.0271952
-0.0277736
-0.0283521
-0.0289305
-0.0295089
-0.0300873
-0.0306657
-0.0312441
-0.0318224
-0.0324008
-0.0329791
-0.0335575
-0.0341358
-0.0347141
-0.0352924
-0.0358706
-0.0364489
-0.0370271
-0.0376054
-0.0381836
-0.0387618
-0.03934
-0.0399181
-0.0404963
-0.0410744
-0.0416526
-0.0422307
-0.0428088
-0.0433868
-0.0439649
-0.0445429
-0.0451209
-0.0456989
-0.0462769
-0.0468549
-0.0474328
-0.0480108
-0.0485887
-0.0491666
-0.0497444
-0.0503223
-0.0509001
-0.0514779
-0.0520557
-0.0526335
-0.0532112
-0.053789
-0.0543667
-0.0549443
-0.055522
-0.0560997
-0.0566773
-0.0572549
-0.0578324
-0.05841
-0.0589875
-0.059565
-0.0601425
-0.06072
-0.0612974
-0.0618748
-0.0624522
-0.0630296
-0.0636069
-0.0641842
-0.0647615
-0.0653388
-0.065916
-0.0664932
-0.0670704
-0.0676475
-0.0682247
-0.0688018
-0.0693788
-0.0699559
-0.0705329
-0.0711099
-0.0716869
-0.0722638
-0.0728407
-0.0734176
-0.0739944
-0.0745713
-0.075148
-0.0757248
-0.0763015
-0.0768782
-0.0774549
-0.0780315
-0.0786082
-0.0791847
-0.0797613
-0.0803378
-0.0809143
-0.0814907
-0.0820671
-0.0826435
-0.0832199
-0.0837962
-0.0843725
-0.0849488
-0.085525
-0.0861012
-0.0866773
-0.0872534
-0.0878295
-0.0884056
-0.0889816
-0.0895576
-0.0901335
-0.0907094
-0.0912853
-0.0918611
-0.0924369
-0.0930127
-0.0935884
-0.0941641
-0.0947398
-0.0953154
-0.095891
-0.0964665
-0.097042
-0.0976175
-0.0981929
-0.0987683
-0.0993436
-0.099919
-0.100494
-0.101069
-0.101645
-0.10222
-0.102795
-0.10337
-0.103945
-0.10452
-0.105095
-0.10567
-0.106245
-0.10682
-0.107394
-0.107969
-0.108544
-0.109118
-0.109693
-0.110268
-0.110842
-0.111417
-0.111991
-0.112565
-0.11314
-0.113714
-0.114288
-0.114862
-0.115437
-0.116011
-0.116585
-0.117159
-0.117733
-0.118307
-0.118881
-0.119455
-0.120028
-0.120602
-0.121176
-0.121749
-0.122323
-0.122897
-0.12347
-0.124044
-0.124617
-0.12519
-0.125764
-0.126337
-0.12691
-0.127483
-0.128056
-0.128629
-0.129202
-0.129775
-0.130348
-0.130921
-0.131494
-0.132067
-0.132639
-0.133212
-0.133785
-0.134357
-0.13493
-0.135502
-0.136074
-0.136647
-0.137219
-0.137791
-0.138363
-0.138936
-0.139508
-0.14008
-0.140652
-0.141223
-0.141795
-0.142367
-0.142939
-0.14351
-0.144082
-0.144654
-0.145225
-0.145797
-0.146368
-0.146939
-0.147511
-0.148082
-0.148653
-0.149224
-0.149795
-0.150366
-0.150937
-0.151508
-0.152079
-0.152649
-0.15322
-0.153791
-0.154361
-0.154932
-0.155502
-0.156072
-0.156643
-0.157213
-0.157783
-0.158353
-0.158923
-0.159493
-0.160063
-0.160633
-0.161203
-0.161773
-0.162342
-0.162912
-0.163481
-0.164051
-0.16462
-0.16519
-0.165759
-0.166328
-0.166897
-0.167466
-0.168035
-0.168604
-0.169173
-0.169742
-0.170311
-0.17088
-0.171448
-0.172017
-0.172585
-0.173154
-0.173722
-0.17429
-0.174859
-0.175427
-0.175995
-0.176563
-0.177131
-0.177699
-0.178266
-0.178834
-0.179402
-0.179969
-0.180537
-0.181104
-0.181672
-0.182239
-0.182806
-0.183373
-0.18394
-0.184507
-0.185074
-0.185641
-0.186208
-0.186775
-0.187341
-0.187908
-0.188474
-0.189041
-0.189607
-0.190174
-0.19074
-0.191306
-0.191872
-0.192438
-0.193004
-0.19357
-0.194135
-0.194701
-0.195267
-0.195832
-0.196398
-0.196963
-0.197528
-0.198093
-0.198658
-0.199224
-0.199788
-0.200353
-0.200918
-0.201483
-0.202048
-0.202612
-0.203177
-0.203741
-0.204305
-0.20487
-0.205434
-0.205998
-0.206562
-0.207126
-0.20769
-0.208253
-0.208817
-0.209381
-0.209944
-0.210508
-0.211071
-0.211634
-0.212197
-0.21276
-0.213323
-0.213886
-0.214449
-0.215012
-0.215575
-0.216137
-0.2167
-0.217262
-0.217825
-0.218387
-0.218949
-0.219511
-0.220073
-0.220635
-0.221197
-0.221758
-0.22232
-0.222882
-0.223443
-0.224004
-0.224566
-0.225127
-0.225688
-0.226249
-0.22681
-0.227371
-0.227932
-0.228492
-0.229053
-0.229613
-0.230174
-0.230734
-0.231294
-0.231854
-0.232414
-0.232974
-0.233534
-0.234094
-0.234653
-0.235213
-0.235773
-0.236332
-0.236891
-0.23745
-0.238009
-0.238568
-0.239127
-0.239686
-0.240245
-0.240804
-0.241362
-0.24192
-0.242479
-0.243037
-0.243595
-0.244153
-0.244711
-0.245269
-0.245827
-0.246385
-0.246942
-0.2475
-0.248057
-0.248614
-0.249171
-0.249728
-0.250285
-0.250842
-0.251399
-0.251956
-0.252512
-0.253069
-0.253625
-0.254181
-0.254738
-0.255294
-0.25585
-0.256406
-0.256961
-0.257517
-0.258073
-0.258628
-0.259183
-0.259739
-0.260294
-0.260849
-0.261404
-0.261959
-0.262514
-0.263068
-0.263623
-0.264177
-0.264732
-0.265286
-0.26584
-0.266394
-0.266948
-0.267502
-0.268055
-0.268609
-0.269162
-0.269716
-0.270269
-0.270822
-0.271375
-0.271928
-0.272481
-0.273034
-0.273587
-0.274139
-0.274691
-0.275244
-0.275796
-0.276348
-0.2769
-0.277452
-0.278004
-0.278555
-0.279107
-0.279658
-0.28021
-0.280761
-0.281312
-0.281863
-0.282414
-0.282965
-0.283515
-0.284066
-0.284616
-0.285167
-0.285717
-0.286267
-0.286817
-0.287367
-0.287917
-0.288466
-0.289016
-0.289565
-0.290115
-0.290664
-0.291213
-0.291762
-0.292311
-0.292859
-0.293408
-0.293956
-0.294505
-0.295053
-0.295601
-0.296149
-0.296697
-0.297245
-0.297793
-0.29834
-0.298888
-0.299435
-0.299982
-0.300529
-0.301076
-0.301623
-0.30217
-0.302716
-0.303263
-0.303809
-0.304356
-0.304902
-0.305448
-0.305994
-0.306539
-0.307085
-0.307631
-0.308176
-0.308721
-0.309266
-0.309812
-0.310356
-0.310901
-0.311446
-0.31199
-0.312535
-0.313079
-0.313623
-0.314167
-0.314711
-0.315255
-0.315799
-0.316342
-0.316886
-0.317429
-0.317972
-0.318515
-0.319058
-0.319601
-0.320144
-0.320686
-0.321229
-0.321771
-0.322313
-0.322855
-0.323397
-0.323939
-0.324481
-0.325022
-0.325564
-0.326105
-0.326646
-0.327187
-0.327728
-0.328269
-0.328809
-0.32935
-0.32989
-0.330431
-0.330971
-0.331511
-0.332051
-0.33259
-0.33313
-0.333669
-0.334209
-0.334748
-0.335287
-0.335826
-0.336365
-0.336903
-0.337442
-0.33798
-0.338519
-0.339057
-0.339595
-0.340133
-0.34067
-0.341208
-0.341745
-0.342283
-0.34282
-0.343357
-0.343894
-0.344431
-0.344967
-0.345504
-0.34604
-0.346576
-0.347112
-0.347648
-0.348184
-0.34872
-0.349256
-0.349791
-0.350326
-0.350861
-0.351396
-0.351931
-0.352466
-0.353001
-0.353535
-0.354069
-0.354603
-0.355137
-0.355671
-0.356205
-0.356739
-0.357272
-0.357805
-0.358339
-0.358872
-0.359405
-0.359937
-0.36047
-0.361002
-0.361535
-0.362067
-0.362599
-0.363131
-0.363663
-0.364194
-0.364726
-0.365257
-0.365788
-0.366319
-0.36685
-0.367381
-0.367912
-0.368442
-0.368972
-0.369502
-0.370032
-0.370562
-0.371092
-0.371622
-0.372151
-0.37268
-0.37321
-0.373739
-0.374267
-0.374796
-0.375325
-0.375853
-0.376381
-0.376909
-0.377437
-0.377965
-0.378493
-0.37902
-0.379548
-0.380075
-0.380602
-0.381129
-0.381656
-0.382182
-0.382709
-0.383235
-0.383761
-0.384287
-0.384813
-0.385339
-0.385864
-0.38639
-0.386915
-0.38744
-0.387965
-0.38849
-0.389014
-0.389539
-0.390063
-0.390587
-0.391111
-0.391635
-0.392159
-0.392682
-0.393206
-0.393729
-0.394252
-0.394775
-0.395298
-0.39582
-0.396343
-0.396865
-0.397387
-0.397909
-0.398431
-0.398953
-0.399474
-0.399996
-0.400517
-0.401038
-0.401559
-0.40208
-0.4026
-0.403121
-0.403641
-0.404161
-0.404681
-0.405201
-0.40572
-0.40624
-0.406759
-0.407278
-0.407797
-0.408316
-0.408835
-0.409353
-0.409871
-0.41039
-0.410908
-0.411425
-0.411943
-0.412461
-0.412978
-0.413495
-0.414012
-0.414529
-0.415046
-0.415562
-0.416079
-0.416595
-0.417111
-0.417627
-0.418142
-0.418658
-0.419173
-0.419689
-0.420204
-0.420719
-0.421233
-0.421748
-0.422262
-0.422776
-0.42329
-0.423804
-0.424318
-0.424832
-0.425345
-0.425858
-0.426371
-0.426884
-0.427397
-0.427909
-0.428422
-0.428934
-0.429446
-0.429958
-0.43047
-0.430981
-0.431492
-0.432004
-0.432515
-0.433025
-0.433536
-0.434047
-0.434557
-0.435067
-0.435577
-0.436087
-0.436597
-0.437106
-0.437615
-0.438124
-0.438633
-0.439142
-0.439651
-0.440159
-0.440667
-0.441176
-0.441683
-0.442191
-0.442699
-0.443206
-0.443713
-0.44422
-0.444727
-0.445234
-0.44574
-0.446247
-0.446753
-0.447259
-0.447765
-0.44827
-0.448776
-0.449281
-0.449786
-0.450291
-0.450796
-0.4513
-0.451805
-0.452309
-0.452813
-0.453317
-0.453821
-0.454324
-0.454827
-0.45533
-0.455833
-0.456336
-0.456839
-0.457341
-0.457843
-0.458345
-0.458847
-0.459349
-0.459851
-0.460352
-0.460853
-0.461354
-0.461855
-0.462355
-0.462856
-0.463356
-0.463856
-0.464356
-0.464856
-0.465355
-0.465854
-0.466354
-0.466852
-0.467351
-0.46785
-0.468348
-0.468846
-0.469344
-0.469842
-0.47034
-0.470837
-0.471335
-0.471832
-0.472329
-0.472825
-0.473322
-0.473818
-0.474314
-0.47481
-0.475306
-0.475802
-0.476297
-0.476792
-0.477287
-0.477782
-0.478277
-0.478771
-0.479266
-0.47976
-0.480254
-0.480747
-0.481241
-0.481734
-0.482227
-0.48272
-0.483213
-0.483706
-0.484198
-0.48469
-0.485182
-0.485674
-0.486166
-0.486657
-0.487148
-0.487639
-0.48813
-0.488621
-0.489111
-0.489602
-0.490092
-0.490582
-0.491071
-0.491561
-0.49205
-0.492539
-0.493028
-0.493517
-0.494005
-0.494494
-0.494982
-0.49547
-0.495957
-0.496445
-0.496932
-0.497419
-0.497906
-0.498393
-0.49888
-0.499366
-0.499852
-0.500338
-0.500824
-0.50131
-0.501795
-0.50228
-0.502765
-0.50325
-0.503734
-0.504219
-0.504703
-0.505187
-0.505671
-0.506154
-0.506638
-0.507121
-0.507604
-0.508087
-0.508569
-0.509052
-0.509534
-0.510016
-0.510498
-0.510979
-0.511461
-0.511942
-0.512423
-0.512904
-0.513384
-0.513864
-0.514345
-0.514825
-0.515304
-0.515784
-0.516263
-0.516742
-0.517221
-0.5177
-0.518179
-0.518657
-0.519135
-0.519613
-0.520091
-0.520568
-0.521046
-0.521523
-0.522
-0.522476
-0.522953
-0.523429
-0.523905
-0.524381
-0.524857
-0.525332
-0.525807
-0.526282
-0.526757
-0.527232
-0.527706
-0.52818
-0.528654
-0.529128
-0.529602
-0.530075
-0.530548
-0.531021
-0.531494
-0.531966
-0.532439
-0.532911
-0.533383
-0.533854
-0.534326
-0.534797
-0.535268
-0.535739
-0.53621
-0.53668
-0.53715
-0.53762
-0.53809
-0.53856
-0.539029
-0.539498
-0.539967
-0.540436
-0.540904
-0.541372
-0.541841
-0.542308
-0.542776
-0.543243
-0.543711
-0.544178
-0.544645
-0.545111
-0.545577
-0.546044
-0.54651
-0.546975
-0.547441
-0.547906
-0.548371
-0.548836
-0.549301
-0.549765
-0.550229
-0.550693
-0.551157
-0.55162
-0.552084
-0.552547
-0.55301
-0.553472
-0.553935
-0.554397
-0.554859
-0.555321
-0.555783
-0.556244
-0.556705
-0.557166
-0.557627
-0.558087
-0.558547
-0.559007
-0.559467
-0.559927
-0.560386
-0.560845
-0.561304
-0.561763
-0.562221
-0.56268
-0.563138
-0.563596
-0.564053
-0.564511
-0.564968
-0.565425
-0.565881
-0.566338
-0.566794
-0.56725
-0.567706
-0.568162
-0.568617
-0.569072
-0.569527
-0.569982
-0.570436
-0.57089
-0.571344
-0.571798
-0.572252
-0.572705
-0.573158
-0.573611
-0.574064
-0.574516
-0.574968
-0.57542
-0.575872
-0.576324
-0.576775
-0.577226
-0.577677
-0.578128
-0.578578
-0.579028
-0.579478
-0.579928
-0.580377
-0.580826
-0.581275
-0.581724
-0.582173
-0.582621
-0.583069
-0.583517
-0.583965
-0.584412
-0.584859
-0.585306
-0.585753
-0.586199
-0.586646
-0.587092
-0.587537
-0.587983
-0.588428
-0.588873
-0.589318
-0.589763
-0.590207
-0.590651
-0.591095
-0.591539
-0.591982
-0.592426
-0.592869
-0.593311
-0.593754
-0.594196
-0.594638
-0.59508
-0.595522
-0.595963
-0.596404
-0.596845
-0.597286
-0.597726
-0.598166
-0.598606
-0.599046
-0.599485
-0.599925
-0.600364
-0.600802
-0.601241
-0.601679
-0.602117
-0.602555
-0.602992
-0.60343
-0.603867
-0.604304
-0.60474
-0.605177
-0.605613
-0.606049
-0.606484
-0.60692
-0.607355
-0.60779
-0.608225
-0.608659
-0.609093
-0.609527
-0.609961
-0.610394
-0.610828
-0.611261
-0.611694
-0.612126
-0.612558
-0.61299
-0.613422
-0.613854
-0.614285
-0.614716
-0.615147
-0.615578
-0.616008
-0.616438
-0.616868
-0.617297
-0.617727
-0.618156
-0.618585
-0.619013
-0.619442
-0.61987
-0.620298
-0.620726
-0.621153
-0.62158
-0.622007
-0.622434
-0.62286
-0.623286
-0.623712
-0.624138
-0.624563
-0.624989
-0.625414
-0.625838
-0.626263
-0.626687
-0.627111
-0.627535
-0.627958
-0.628381
-0.628804
-0.629227
-0.62965
-0.630072
-0.630494
-0.630916
-0.631337
-0.631758
-0.632179
-0.6326
-0.63302
-0.633441
-0.633861
-0.63428
-0.6347
-0.635119
-0.635538
-0.635957
-0.636375
-0.636794
-0.637212
-0.637629
-0.638047
-0.638464
-0.638881
-0.639298
-0.639714
-0.64013
-0.640546
-0.640962
-0.641378
-0.641793
-0.642208
-0.642622
-0.643037
-0.643451
-0.643865
-0.644279
-0.644692
-0.645105
-0.645518
-0.645931
-0.646343
-0.646755
-0.647167
-0.647579
-0.64799
-0.648401
-0.648812
-0.649223
-0.649633
-0.650043
-0.650453
-0.650863
-0.651272
-0.651681
-0.65209
-0.652499
-0.652907
-0.653315
-0.653723
-0.65413
-0.654538
-0.654945
-0.655351
-0.655758
-0.656164
-0.65657
-0.656976
-0.657381
-0.657786
-0.658191
-0.658596
-0.659
-0.659405
-0.659809
-0.660212
-0.660616
-0.661019
-0.661422
-0.661824
-0.662226
-0.662629
-0.66303
-0.663432
-0.663833
-0.664234
-0.664635
-0.665035
-0.665436
-0.665836
-0.666235
-0.666635
-0.667034
-0.667433
-0.667832
-0.66823
-0.668628
-0.669026
-0.669424
-0.669821
-0.670218
-0.670615
-0.671011
-0.671408
-0.671804
-0.672199
-0.672595
-0.67299
-0.673385
-0.67378
-0.674174
-0.674568
-0.674962
-0.675356
-0.675749
-0.676142
-0.676535
-0.676928
-0.67732
-0.677712
-0.678104
-0.678495
-0.678887
-0.679278
-0.679668
-0.680059
-0.680449
-0.680839
-0.681228
-0.681618
-0.682007
-0.682395
-0.682784
-0.683172
-0.68356
-0.683948
-0.684335
-0.684723
-0.68511
-0.685496
-0.685883
-0.686269
-0.686654
-0.68704
-0.687425
-0.68781
-0.688195
-0.68858
-0.688964
-0.689348
-0.689731
-0.690115
-0.690498
-0.690881
-0.691263
-0.691646
-0.692028
-0.692409
-0.692791
-0.693172
-0.693553
-0.693934
-0.694314
-0.694694
-0.695074
-0.695453
-0.695833
-0.696212
-0.696591
-0.696969
-0.697347
-0.697725
-0.698103
-0.69848
-0.698857
-0.699234
-0.69961
-0.699987
-0.700363
-0.700738
-0.701114
-0.701489
-0.701864
-0.702238
-0.702613
-0.702987
-0.703361
-0.703734
-0.704107
-0.70448
-0.704853
-0.705225
-0.705597
-0.705969
-0.706341
-0.706712
-0.707083
-0.707454
-0.707824
-0.708194
-0.708564
-0.708934
-0.709303
-0.709672
-0.710041
-0.710409
-0.710777
-0.711145
-0.711513
-0.71188
-0.712247
-0.712614
-0.71298
-0.713347
-0.713713
-0.714078
-0.714444
-0.714809
-0.715173
-0.715538
-0.715902
-0.716266
-0.71663
-0.716993
-0.717356
-0.717719
-0.718082
-0.718444
-0.718806
-0.719168
-0.719529
-0.71989
-0.720251
-0.720612
-0.720972
-0.721332
-0.721692
-0.722051
-0.72241
-0.722769
-0.723127
-0.723486
-0.723844
-0.724201
-0.724559
-0.724916
-0.725273
-0.725629
-0.725986
-0.726342
-0.726697
-0.727053
-0.727408
-0.727763
-0.728117
-0.728472
-0.728825
-0.729179
-0.729533
-0.729886
-0.730238
-0.730591
-0.730943
-0.731295
-0.731647
-0.731998
-0.732349
-0.7327
-0.733051
-0.733401
-0.733751
-0.7341
-0.73445
-0.734799
-0.735148
-0.735496
-0.735844
-0.736192
-0.73654
-0.736887
-0.737234
-0.737581
-0.737927
-0.738274
-0.738619
-0.738965
-0.73931
-0.739655
-0.74
-0.740344
-0.740688
-0.741032
-0.741376
-0.741719
-0.742062
-0.742405
-0.742747
-0.743089
-0.743431
-0.743772
-0.744114
-0.744454
-0.744795
-0.745135
-0.745475
-0.745815
-0.746154
-0.746494
-0.746832
-0.747171
-0.747509
-0.747847
-0.748185
-0.748522
-0.748859
-0.749196
-0.749532
-0.749869
-0.750204
-0.75054
-0.750875
-0.75121
-0.751545
-0.751879
-0.752213
-0.752547
-0.752881
-0.753214
-0.753547
-0.753879
-0.754212
-0.754544
-0.754876
-0.755207
-0.755538
-0.755869
-0.756199
-0.75653
-0.75686
-0.757189
-0.757519
-0.757848
-0.758176
-0.758505
-0.758833
-0.759161
-0.759488
-0.759815
-0.760142
-0.760469
-0.760795
-0.761121
-0.761447
-0.761773
-0.762098
-0.762422
-0.762747
-0.763071
-0.763395
-0.763719
-0.764042
-0.764365
-0.764688
-0.76501
-0.765332
-0.765654
-0.765976
-0.766297
-0.766618
-0.766938
-0.767259
-0.767579
-0.767898
-0.768218
-0.768537
-0.768856
-0.769174
-0.769492
-0.76981
-0.770128
-0.770445
-0.770762
-0.771079
-0.771395
-0.771711
-0.772027
-0.772342
-0.772657
-0.772972
-0.773287
-0.773601
-0.773915
-0.774229
-0.774542
-0.774855
-0.775168
-0.77548
-0.775792
-0.776104
-0.776415
-0.776726
-0.777037
-0.777348
-0.777658
-0.777968
-0.778278
-0.778587
-0.778896
-0.779205
-0.779513
-0.779821
-0.780129
-0.780436
-0.780743
-0.78105
-0.781357
-0.781663
-0.781969
-0.782275
-0.78258
-0.782885
-0.78319
-0.783494
-0.783798
-0.784102
-0.784405
-0.784709
-0.785011
-0.785314
-0.785616
-0.785918
-0.78622
-0.786521
-0.786822
-0.787123
-0.787423
-0.787723
-0.788023
-0.788322
-0.788621
-0.78892
-0.789218
-0.789517
-0.789815
-0.790112
-0.790409
-0.790706
-0.791003
-0.791299
-0.791595
-0.791891
-0.792186
-0.792481
-0.792776
-0.79307
-0.793365
-0.793658
-0.793952
-0.794245
-0.794538
-0.79483
-0.795123
-0.795415
-0.795706
-0.795997
-0.796288
-0.796579
-0.796869
-0.79716
-0.797449
-0.797739
-0.798028
-0.798317
-0.798605
-0.798893
-0.799181
-0.799468
-0.799756
-0.800043
-0.800329
-0.800615
-0.800901
-0.801187
-0.801472
-0.801757
-0.802042
-0.802326
-0.80261
-0.802894
-0.803177
-0.80346
-0.803743
-0.804026
-0.804308
-0.80459
-0.804871
-0.805152
-0.805433
-0.805714
-0.805994
-0.806274
-0.806553
-0.806833
-0.807112
-0.80739
-0.807669
-0.807947
-0.808224
-0.808502
-0.808779
-0.809055
-0.809332
-0.809608
-0.809884
-0.810159
-0.810434
-0.810709
-0.810983
-0.811258
-0.811531
-0.811805
-0.812078
-0.812351
-0.812624
-0.812896
-0.813168
-0.813439
-0.813711
-0.813982
-0.814252
-0.814523
-0.814793
-0.815062
-0.815332
-0.815601
-0.815869
-0.816138
-0.816406
-0.816673
-0.816941
-0.817208
-0.817475
-0.817741
-0.818007
-0.818273
-0.818539
-0.818804
-0.819069
-0.819333
-0.819597
-0.819861
-0.820125
-0.820388
-0.820651
-0.820913
-0.821176
-0.821437
-0.821699
-0.82196
-0.822221
-0.822482
-0.822742
-0.823002
-0.823262
-0.823521
-0.82378
-0.824039
-0.824297
-0.824555
-0.824813
-0.82507
-0.825327
-0.825584
-0.82584
-0.826096
-0.826352
-0.826608
-0.826863
-0.827117
-0.827372
-0.827626
-0.82788
-0.828133
-0.828386
-0.828639
-0.828892
-0.829144
-0.829396
-0.829647
-0.829898
-0.830149
-0.8304
-0.83065
-0.8309
-0.831149
-0.831398
-0.831647
-0.831896
-0.832144
-0.832392
-0.832639
-0.832887
-0.833133
-0.83338
-0.833626
-0.833872
-0.834118
-0.834363
-0.834608
-0.834852
-0.835097
-0.835341
-0.835584
-0.835828
-0.83607
-0.836313
-0.836555
-0.836797
-0.837039
-0.83728
-0.837521
-0.837762
-0.838002
-0.838242
-0.838482
-0.838721
-0.83896
-0.839199
-0.839437
-0.839675
-0.839913
-0.84015
-0.840387
-0.840624
-0.84086
-0.841096
-0.841331
-0.841567
-0.841802
-0.842036
-0.842271
-0.842505
-0.842738
-0.842972
-0.843205
-0.843437
-0.84367
-0.843902
-0.844133
-0.844365
-0.844596
-0.844826
-0.845057
-0.845287
-0.845516
-0.845746
-0.845975
-0.846203
-0.846432
-0.84666
-0.846887
-0.847115
-0.847342
-0.847568
-0.847795
-0.848021
-0.848246
-0.848472
-0.848697
-0.848921
-0.849146
-0.84937
-0.849593
-0.849817
-0.85004
-0.850262
-0.850484
-0.850706
-0.850928
-0.851149
-0.85137
-0.851591
-0.851811
-0.852031
-0.852251
-0.85247
-0.852689
-0.852908
-0.853126
-0.853344
-0.853561
-0.853779
-0.853996
-0.854212
-0.854428
-0.854644
-0.85486
-0.855075
-0.85529
-0.855505
-0.855719
-0.855933
-0.856146
-0.856359
-0.856572
-0.856785
-0.856997
-0.857209
-0.85742
-0.857631
-0.857842
-0.858053
-0.858263
-0.858473
-0.858682
-0.858891
-0.8591
-0.859309
-0.859517
-0.859725
-0.859932
-0.860139
-0.860346
-0.860552
-0.860758
-0.860964
-0.86117
-0.861375
-0.861579
-0.861784
-0.861988
-0.862192
-0.862395
-0.862598
-0.862801
-0.863003
-0.863205
-0.863407
-0.863608
-0.863809
-0.86401
-0.86421
-0.86441
-0.864609
-0.864809
-0.865008
-0.865206
-0.865404
-0.865602
-0.8658
-0.865997
-0.866194
-0.866391
-0.866587
-0.866783
-0.866978
-0.867173
-0.867368
-0.867563
-0.867757
-0.867951
-0.868144
-0.868337
-0.86853
-0.868722
-0.868915
-0.869106
-0.869298
-0.869489
-0.869679
-0.86987
-0.87006
-0.87025
-0.870439
-0.870628
-0.870817
-0.871005
-0.871193
-0.87138
-0.871568
-0.871755
-0.871941
-0.872128
-0.872313
-0.872499
-0.872684
-0.872869
-0.873054
-0.873238
-0.873422
-0.873605
-0.873788
-0.873971
-0.874154
-0.874336
-0.874517
-0.874699
-0.87488
-0.875061
-0.875241
-0.875421
-0.875601
-0.87578
-0.875959
-0.876138
-0.876316
-0.876494
-0.876672
-0.876849
-0.877026
-0.877202
-0.877379
-0.877555
-0.87773
-0.877905
-0.87808
-0.878255
-0.878429
-0.878603
-0.878776
-0.878949
-0.879122
-0.879294
-0.879466
-0.879638
-0.87981
-0.879981
-0.880151
-0.880322
-0.880492
-0.880661
-0.88083
-0.880999
-0.881168
-0.881336
-0.881504
-0.881672
-0.881839
-0.882006
-0.882172
-0.882338
-0.882504
-0.88267
-0.882835
-0.883
-0.883164
-0.883328
-0.883492
-0.883655
-0.883818
-0.883981
-0.884143
-0.884305
-0.884467
-0.884628
-0.884789
-0.88495
-0.88511
-0.88527
-0.885429
-0.885588
-0.885747
-0.885906
-0.886064
-0.886222
-0.886379
-0.886536
-0.886693
-0.886849
-0.887005
-0.887161
-0.887316
-0.887471
-0.887626
-0.88778
-0.887934
-0.888088
-0.888241
-0.888394
-0.888546
-0.888699
-0.88885
-0.889002
-0.889153
-0.889304
-0.889454
-0.889604
-0.889754
-0.889903
-0.890052
-0.890201
-0.890349
-0.890497
-0.890645
-0.890792
-0.890939
-0.891086
-0.891232
-0.891378
-0.891523
-0.891668
-0.891813
-0.891958
-0.892102
-0.892246
-0.892389
-0.892532
-0.892675
-0.892817
-0.892959
-0.893101
-0.893242
-0.893383
-0.893523
-0.893664
-0.893803
-0.893943
-0.894082
-0.894221
-0.894359
-0.894497
-0.894635
-0.894773
-0.89491
-0.895046
-0.895183
-0.895319
-0.895454
-0.89559
-0.895724
-0.895859
-0.895993
-0.896127
-0.896261
-0.896394
-0.896527
-0.896659
-0.896791
-0.896923
-0.897054
-0.897185
-0.897316
-0.897446
-0.897576
-0.897706
-0.897835
-0.897964
-0.898092
-0.898221
-0.898349
-0.898476
-0.898603
-0.89873
-0.898856
-0.898982
-0.899108
-0.899233
-0.899358
-0.899483
-0.899607
-0.899731
-0.899855
-0.899978
-0.900101
-0.900223
-0.900346
-0.900467
-0.900589
-0.90071
-0.900831
-0.900951
-0.901071
-0.901191
-0.90131
-0.901429
-0.901548
-0.901666
-0.901784
-0.901901
-0.902018
-0.902135
-0.902252
-0.902368
-0.902484
-0.902599
-0.902714
-0.902829
-0.902943
-0.903057
-0.903171
-0.903284
-0.903397
-0.903509
-0.903622
-0.903733
-0.903845
-0.903956
-0.904067
-0.904177
-0.904287
-0.904397
-0.904506
-0.904615
-0.904724
-0.904832
-0.90494
-0.905047
-0.905155
-0.905261
-0.905368
-0.905474
-0.90558
-0.905685
-0.90579
-0.905895
-0.905999
-0.906103
-0.906207
-0.90631
-0.906413
-0.906516
-0.906618
-0.90672
-0.906821
-0.906922
-0.907023
-0.907123
-0.907223
-0.907323
-0.907422
-0.907521
-0.90762
-0.907718
-0.907816
-0.907914
-0.908011
-0.908108
-0.908204
-0.9083
-0.908396
-0.908491
-0.908586
-0.908681
-0.908775
-0.908869
-0.908963
-0.909056
-0.909149
-0.909241
-0.909333
-0.909425
-0.909517
-0.909608
-0.909698
-0.909789
-0.909879
-0.909968
-0.910058
-0.910147
-0.910235
-0.910323
-0.910411
-0.910499
-0.910586
-0.910672
-0.910759
-0.910845
-0.910931
-0.911016
-0.911101
-0.911185
-0.91127
-0.911354
-0.911437
-0.91152
-0.911603
-0.911685
-0.911768
-0.911849
-0.911931
-0.912012
-0.912092
-0.912173
-0.912252
-0.912332
-0.912411
-0.91249
-0.912569
-0.912647
-0.912724
-0.912802
-0.912879
-0.912956
-0.913032
-0.913108
-0.913183
-0.913259
-0.913334
-0.913408
-0.913482
-0.913556
-0.913629
-0.913703
-0.913775
-0.913848
-0.91392
-0.913991
-0.914062
-0.914133
-0.914204
-0.914274
-0.914344
-0.914413
-0.914482
-0.914551
-0.91462
-0.914688
-0.914755
-0.914823
-0.91489
-0.914956
-0.915022
-0.915088
-0.915154
-0.915219
-0.915284
-0.915348
-0.915412
-0.915476
-0.915539
-0.915602
-0.915665
-0.915727
-0.915789
-0.91585
-0.915911
-0.915972
-0.916033
-0.916093
-0.916152
-0.916212
-0.916271
-0.916329
-0.916388
-0.916445
-0.916503
-0.91656
-0.916617
-0.916673
-0.91673
-0.916785
-0.916841
-0.916896
-0.91695
-0.917005
-0.917058
-0.917112
-0.917165
-0.917218
-0.917271
-0.917323
-0.917374
-0.917426
-0.917477
-0.917527
-0.917578
-0.917628
-0.917677
-0.917726
-0.917775
-0.917824
-0.917872
-0.91792
-0.917967
-0.918014
-0.918061
-0.918107
-0.918153
-0.918199
-0.918244
-0.918289
-0.918333
-0.918377
-0.918421
-0.918465
-0.918508
-0.91855
-0.918593
-0.918635
-0.918676
-0.918717
-0.918758
-0.918799
-0.918839
-0.918879
-0.918918
-0.918957
-0.918996
-0.919034
-0.919072
-0.91911
-0.919147
-0.919184
-0.91922
-0.919257
-0.919292
-0.919328
-0.919363
-0.919398
-0.919432
-0.919466
-0.9195
-0.919533
-0.919566
-0.919598
-0.91963
-0.919662
-0.919694
-0.919725
-0.919755
-0.919786
-0.919816
-0.919845
-0.919875
-0.919903
-0.919932
-0.91996
-0.919988
-0.920015
-0.920042
-0.920069
-0.920096
-0.920122
-0.920147
-0.920172
-0.920197
-0.920222
-0.920246
-0.92027
-0.920293
-0.920316
-0.920339
-0.920361
-0.920383
-0.920405
-0.920426
-0.920447
-0.920468
-0.920488
-0.920508
-0.920527
-0.920546
-0.920565
-0.920583
-0.920601
-0.920619
-0.920636
-0.920653
-0.92067
-0.920686
-0.920702
-0.920717
-0.920732
-0.920747
-0.920761
-0.920775
-0.920789
-0.920802
-0.920815
-0.920828
-0.92084
-0.920852
-0.920863
-0.920874
-0.920885
-0.920895
-0.920905
-0.920915
-0.920924
-0.920933
-0.920942
-0.92095
-0.920958
-0.920965
-0.920972
-0.920979
-0.920985
-0.920991
-0.920997
-0.921002
-0.921007
-0.921012
-0.921016
-0.92102
-0.921023
-0.921026
-0.921029
-0.921031
-0.921033
-0.921035
-0.921036
-0.921037
-0.921038
-0.921038
-0.921038
-0.921037
-0.921036
-0.921035
-0.921033
-0.921031
-0.921029
-0.921026
-0.921023
-0.92102
-0.921016
-0.921012
-0.921007
-0.921002
-0.920997
-0.920991
-0.920985
-0.920979
-0.920972
-0.920965
-0.920958
-0.92095
-0.920942
-0.920933
-0.920924
-0.920915
-0.920905
-0.920895
-0.920885
-0.920874
-0.920863
-0.920852
-0.92084
-0.920828
-0.920815
-0.920802
-0.920789
-0.920775
-0.920761
-0.920747
-0.920732
-0.920717
-0.920702
-0.920686
-0.92067
-0.920653
-0.920636
-0.920619
-0.920601
-0.920583
-0.920565
-0.920546
-0.920527
-0.920508
-0.920488
-0.920468
-0.920447
-0.920426
-0.920405
-0.920383
-0.920361
-0.920339
-0.920316
-0.920293
-0.92027
-0.920246
-0.920222
-0.920197
-0.920172
-0.920147
-0.920122
-0.920096
-0.920069
-0.920042
-0.920015
-0.919988
-0.91996
-0.919932
-0.919903
-0.919875
-0.919845
-0.919816
-0.919786
-0.919755
-0.919725
-0.919694
-0.919662
-0.91963
-0.919598
-0.919566
-0.919533
-0.9195
-0.919466
-0.919432
-0.919398
-0.919363
-0.919328
-0.919292
-0.919257
-0.91922
-0.919184
-0.919147
-0.91911
-0.919072
-0.919034
-0.918996
-0.918957
-0.918918
-0.918879
-0.918839
-0.918799
-0.918758
-0.918717
-0.918676
-0.918635
-0.918593
-0.91855
-0.918508
-0.918465
-0.918421
-0.918377
-0.918333
-0.918289
-0.918244
-0.918199
-0.918153
-0.918107
-0.918061
-0.918014
-0.917967
-0.91792
-0.917872
-0.917824
-0.917775
-0.917726
-0.917677
-0.917628
-0.917578
-0.917527
-0.917477
-0.917426
-0.917374
-0.917323
-0.917271
-0.917218
-0.917165
-0.917112
-0.917058
-0.917005
-0.91695
-0.916896
-0.916841
-0.916785
-0.91673
-0.916673
-0.916617
-0.91656
-0.916503
-0.916445
-0.916388
-0.916329
-0.916271
-0.916212
-0.916152
-0.916093
-0.916033
-0.915972
-0.915911
-0.91585
-0.915789
-0.915727
-0.915665
-0.915602
-0.915539
-0.915476
-0.915412
-0.915348
-0.915284
-0.915219
-0.915154
-0.915088
-0.915022
-0.914956
-0.91489
-0.914823
-0.914755
-0.914688
-0.91462
-0.914551
-0.914482
-0.914413
-0.914344
-0.914274
-0.914204
-0.914133
-0.914062
-0.913991
-0.91392
-0.913848
-0.913775
-0.913703
-0.913629
-0.913556
-0.913482
-0.913408
-0.913334
-0.913259
-0.913183
-0.913108
-0.913032
-0.912956
-0.912879
-0.912802
-0.912724
-0.912647
-0.912569
-0.91249
-0.912411
-0.912332
-0.912252
-0.912173
-0.912092
-0.912012
-0.911931
-0.911849
-0.911768
-0.911685
-0.911603
-0.91152
-0.911437
-0.911354
-0.91127
-0.911185
-0.911101
-0.911016
-0.910931
-0.910845
-0.910759
-0.910672
-0.910586
-0.910499
-0.910411
-0.910323
-0.910235
-0.910147
-0.910058
-0.909968
-0.909879
-0.909789
-0.909698
-0.909608
-0.909517
-0.909425
-0.909333
-0.909241
-0.909149
-0.909056
-0.908963
-0.908869
-0.908775
-0.908681
-0.908586
-0.908491
-0.908396
-0.9083
-0.908204
-0.908108
-0.908011
-0.907914
-0.907816
-0.907718
-0.90762
-0.907521
-0.907422
-0.907323
-0.907223
-0.907123
-0.907023
-0.906922
-0.906821
-0.90672
-0.906618
-0.906516
-0.906413
-0.90631
-0.906207
-0.906103
-0.905999
-0.905895
-0.90579
-0.905685
-0.90558
-0.905474
-0.905368
-0.905261
-0.905155
-0.905047
-0.90494
-0.904832
-0.904724
-0.904615
-0.904506
-0.904397
-0.904287
-0.904177
-0.904067
-0.903956
-0.903845
-0.903733
-0.903622
-0.903509
-0.903397
-0.903284
-0.903171
-0.903057
-0.902943
-0.902829
-0.902714
-0.902599
-0.902484
-0.902368
-0.902252
-0.902135
-0.902018
-0.901901
-0.901784
-0.901666
-0.901548
-0.901429
-0.90131
-0.901191
-0.901071
-0.900951
-0.900831
-0.90071
-0.900589
-0.900467
-0.900346
-0.900223
-0.900101
-0.899978
-0.899855
-0.899731
-0.899607
-0.899483
-0.899358
-0.899233
-0.899108
-0.898982
-0.898856
-0.89873
-0.898603
-0.898476
-0.898349
-0.898221
-0.898092
-0.897964
-0.897835
-0.897706
-0.897576
-0.897446
-0.897316
-0.897185
-0.897054
-0.896923
-0.896791
-0.896659
-0.896527
-0.896394
-0.896261
-0.896127
-0.895993
-0.895859
-0.895724
-0.89559
-0.895454
-0.895319
-0.895183
-0.895046
-0.89491
-0.894773
-0.894635
-0.894497
-0.894359
-0.894221
-0.894082
-0.893943
-0.893803
-0.893664
-0.893523
-0.893383
-0.893242
-0.893101
-0.892959
-0.892817
-0.892675
-0.892532
-0.892389
-0.892246
-0.892102
-0.891958
-0.891813
-0.891668
-0.891523
-0.891378
-0.891232
-0.891086
-0.890939
-0.890792
-0.890645
-0.890497
-0.890349
-0.890201
-0.890052
-0.889903
-0.889754
-0.889604
-0.889454
-0.889304
-0.889153
-0.889002
-0.88885
-0.888699
-0.888546
-0.888394
-0.888241
-0.888088
-0.887934
-0.88778
-0.887626
-0.887471
-0.887316
-0.887161
-0.887005
-0.886849
-0.886693
-0.886536
-0.886379
-0.886222
-0.886064
-0.885906
-0.885747
-0.885588
-0.885429
-0.88527
-0.88511
-0.88495
-0.884789
-0.884628
-0.884467
-0.884305
-0.884143
-0.883981
-0.883818
-0.883655
-0.883492
-0.883328
-0.883164
-0.883
-0.882835
-0.88267
-0.882504
-0.882338
-0.882172
-0.882006
-0.881839
-0.881672
-0.881504
-0.881336
-0.881168
-0.880999
-0.880831
-0.880661
-0.880492
-0.880322
-0.880151
-0.879981
-0.87981
-0.879638
-0.879466
-0.879294
-0.879122
-0.878949
-0.878776
-0.878603
-0.878429
-0.878255
-0.87808
-0.877905
-0.87773
-0.877555
-0.877379
-0.877202
-0.877026
-0.876849
-0.876672
-0.876494
-0.876316
-0.876138
-0.875959
-0.87578
-0.875601
-0.875421
-0.875241
-0.875061
-0.87488
-0.874699
-0.874517
-0.874336
-0.874154
-0.873971
-0.873788
-0.873605
-0.873422
-0.873238
-0.873054
-0.872869
-0.872684
-0.872499
-0.872313
-0.872128
-0.871941
-0.871755
-0.871568
-0.87138
-0.871193
-0.871005
-0.870817
-0.870628
-0.870439
-0.87025
-0.87006
-0.86987
-0.869679
-0.869489
-0.869298
-0.869106
-0.868915
-0.868722
-0.86853
-0.868337
-0.868144
-0.867951
-0.867757
-0.867563
-0.867368
-0.867173
-0.866978
-0.866783
-0.866587
-0.866391
-0.866194
-0.865997
-0.8658
-0.865602
-0.865405
-0.865206
-0.865008
-0.864809
-0.864609
-0.86441
-0.86421
-0.86401
-0.863809
-0.863608
-0.863407
-0.863205
-0.863003
-0.862801
-0.862598
-0.862395
-0.862192
-0.861988
-0.861784
-0.861579
-0.861375
-0.86117
-0.860964
-0.860758
-0.860552
-0.860346
-0.860139
-0.859932
-0.859725
-0.859517
-0.859309
-0.8591
-0.858891
-0.858682
-0.858473
-0.858263
-0.858053
-0.857842
-0.857631
-0.85742
-0.857209
-0.856997
-0.856785
-0.856572
-0.856359
-0.856146
-0.855933
-0.855719
-0.855505
-0.85529
-0.855075
-0.85486
-0.854644
-0.854428
-0.854212
-0.853996
-0.853779
-0.853561
-0.853344
-0.853126
-0.852908
-0.852689
-0.85247
-0.852251
-0.852031
-0.851811
-0.851591
-0.85137
-0.851149
-0.850928
-0.850706
-0.850484
-0.850262
-0.85004
-0.849817
-0.849593
-0.84937
-0.849146
-0.848921
-0.848697
-0.848472
-0.848246
-0.848021
-0.847795
-0.847568
-0.847342
-0.847115
-0.846887
-0.84666
-0.846432
-0.846203
-0.845975
-0.845746
-0.845516
-0.845287
-0.845057
-0.844826
-0.844596
-0.844365
-0.844133
-0.843902
-0.84367
-0.843437
-0.843205
-0.842972
-0.842738
-0.842505
-0.842271
-0.842036
-0.841802
-0.841567
-0.841331
-0.841096
-0.84086
-0.840624
-0.840387
-0.84015
-0.839913
-0.839675
-0.839437
-0.839199
-0.83896
-0.838721
-0.838482
-0.838242
-0.838002
-0.837762
-0.837521
-0.83728
-0.837039
-0.836797
-0.836555
-0.836313
-0.83607
-0.835828
-0.835584
-0.835341
-0.835097
-0.834852
-0.834608
-0.834363
-0.834118
-0.833872
-0.833626
-0.83338
-0.833133
-0.832887
-0.832639
-0.832392
-0.832144
-0.831896
-0.831647
-0.831398
-0.831149
-0.8309
-0.83065
-0.8304
-0.830149
-0.829898
-0.829647
-0.829396
-0.829144
-0.828892
-0.828639
-0.828386
-0.828133
-0.82788
-0.827626
-0.827372
-0.827117
-0.826863
-0.826608
-0.826352
-0.826096
-0.82584
-0.825584
-0.825327
-0.82507
-0.824813
-0.824555
-0.824297
-0.824039
-0.82378
-0.823521
-0.823262
-0.823002
-0.822742
-0.822482
-0.822221
-0.82196
-0.821699
-0.821437
-0.821176
-0.820913
-0.820651
-0.820388
-0.820125
-0.819861
-0.819597
-0.819333
-0.819069
-0.818804
-0.818539
-0.818273
-0.818007
-0.817741
-0.817475
-0.817208
-0.816941
-0.816673
-0.816406
-0.816138
-0.815869
-0.815601
-0.815332
-0.815062
-0.814793
-0.814523
-0.814252
-0.813982
-0.813711
-0.813439
-0.813168
-0.812896
-0.812624
-0.812351
-0.812078
-0.811805
-0.811531
-0.811258
-0.810983
-0.810709
-0.810434
-0.810159
-0.809884
-0.809608
-0.809332
-0.809055
-0.808779
-0.808502
-0.808224
-0.807947
-0.807669
-0.80739
-0.807112
-0.806833
-0.806553
-0.806274
-0.805994
-0.805714
-0.805433
-0.805152
-0.804871
-0.80459
-0.804308
-0.804026
-0.803743
-0.80346
-0.803177
-0.802894
-0.80261
-0.802326
-0.802042
-0.801757
-0.801472
-0.801187
-0.800901
-0.800615
-0.800329
-0.800043
-0.799756
-0.799468
-0.799181
-0.798893
-0.798605
-0.798317
-0.798028
-0.797739
-0.797449
-0.79716
-0.796869
-0.796579
-0.796288
-0.795997
-0.795706
-0.795415
-0.795123
-0.79483
-0.794538
-0.794245
-0.793952
-0.793658
-0.793365
-0.79307
-0.792776
-0.792481
-0.792186
-0.791891
-0.791595
-0.791299
-0.791003
-0.790706
-0.790409
-0.790112
-0.789815
-0.789517
-0.789218
-0.78892
-0.788621
-0.788322
-0.788023
-0.787723
-0.787423
-0.787123
-0.786822
-0.786521
-0.78622
-0.785918
-0.785616
-0.785314
-0.785011
-0.784709
-0.784405
-0.784102
-0.783798
-0.783494
-0.78319
-0.782885
-0.78258
-0.782275
-0.781969
-0.781663
-0.781357
-0.78105
-0.780743
-0.780436
-0.780129
-0.779821
-0.779513
-0.779205
-0.778896
-0.778587
-0.778278
-0.777968
-0.777658
-0.777348
-0.777037
-0.776726
-0.776415
-0.776104
-0.775792
-0.77548
-0.775168
-0.774855
-0.774542
-0.774229
-0.773915
-0.773601
-0.773287
-0.772972
-0.772657
-0.772342
-0.772027
-0.771711
-0.771395
-0.771079
-0.770762
-0.770445
-0.770128
-0.76981
-0.769492
-0.769174
-0.768856
-0.768537
-0.768218
-0.767898
-0.767579
-0.767259
-0.766938
-0.766618
-0.766297
-0.765976
-0.765654
-0.765332
-0.76501
-0.764688
-0.764365
-0.764042
-0.763719
-0.763395
-0.763071
-0.762747
-0.762423
-0.762098
-0.761773
-0.761447
-0.761121
-0.760795
-0.760469
-0.760142
-0.759815
-0.759488
-0.759161
-0.758833
-0.758505
-0.758176
-0.757848
-0.757519
-0.757189
-0.75686
-0.75653
-0.756199
-0.755869
-0.755538
-0.755207
-0.754876
-0.754544
-0.754212
-0.753879
-0.753547
-0.753214
-0.752881
-0.752547
-0.752213
-0.751879
-0.751545
-0.75121
-0.750875
-0.75054
-0.750204
-0.749869
-0.749532
-0.749196
-0.748859
-0.748522
-0.748185
-0.747847
-0.747509
-0.747171
-0.746832
-0.746494
-0.746154
-0.745815
-0.745475
-0.745135
-0.744795
-0.744454
-0.744114
-0.743772
-0.743431
-0.743089
-0.742747
-0.742405
-0.742062
-0.741719
-0.741376
-0.741032
-0.740688
-0.740344
-0.74
-0.739655
-0.73931
-0.738965
-0.738619
-0.738274
-0.737927
-0.737581
-0.737234
-0.736887
-0.73654
-0.736192
-0.735844
-0.735496
-0.735148
-0.734799
-0.73445
-0.7341
-0.733751
-0.733401
-0.733051
-0.7327
-0.732349
-0.731998
-0.731647
-0.731295
-0.730943
-0.730591
-0.730239
-0.729886
-0.729533
-0.729179
-0.728825
-0.728472
-0.728117
-0.727763
-0.727408
-0.727053
-0.726697
-0.726342
-0.725986
-0.725629
-0.725273
-0.724916
-0.724559
-0.724201
-0.723844
-0.723486
-0.723127
-0.722769
-0.72241
-0.722051
-0.721692
-0.721332
-0.720972
-0.720612
-0.720251
-0.71989
-0.719529
-0.719168
-0.718806
-0.718444
-0.718082
-0.717719
-0.717356
-0.716993
-0.71663
-0.716266
-0.715902
-0.715538
-0.715173
-0.714809
-0.714444
-0.714078
-0.713713
-0.713347
-0.71298
-0.712614
-0.712247
-0.71188
-0.711513
-0.711145
-0.710777
-0.710409
-0.710041
-0.709672
-0.709303
-0.708934
-0.708564
-0.708194
-0.707824
-0.707454
-0.707083
-0.706712
-0.706341
-0.705969
-0.705597
-0.705225
-0.704853
-0.70448
-0.704107
-0.703734
-0.703361
-0.702987
-0.702613
-0.702238
-0.701864
-0.701489
-0.701114
-0.700738
-0.700363
-0.699987
-0.69961
-0.699234
-0.698857
-0.69848
-0.698103
-0.697725
-0.697347
-0.696969
-0.696591
-0.696212
-0.695833
-0.695453
-0.695074
-0.694694
-0.694314
-0.693934
-0.693553
-0.693172
-0.692791
-0.692409
-0.692028
-0.691646
-0.691263
-0.690881
-0.690498
-0.690115
-0.689731
-0.689348
-0.688964
-0.68858
-0.688195
-0.68781
-0.687425
-0.68704
-0.686654
-0.686269
-0.685883
-0.685496
-0.68511
-0.684723
-0.684335
-0.683948
-0.68356
-0.683172
-0.682784
-0.682395
-0.682007
-0.681618
-0.681228
-0.680839
-0.680449
-0.680059
-0.679668
-0.679278
-0.678887
-0.678495
-0.678104
-0.677712
-0.67732
-0.676928
-0.676535
-0.676142
-0.675749
-0.675356
-0.674962
-0.674568
-0.674174
-0.67378
-0.673385
-0.67299
-0.672595
-0.672199
-0.671804
-0.671408
-0.671011
-0.670615
-0.670218
-0.669821
-0.669424
-0.669026
-0.668628
-0.66823
-0.667832
-0.667433
-0.667034
-0.666635
-0.666235
-0.665836
-0.665436
-0.665035
-0.664635
-0.664234
-0.663833
-0.663432
-0.66303
-0.662629
-0.662226
-0.661824
-0.661422
-0.661019
-0.660616
-0.660212
-0.659809
-0.659405
-0.659
-0.658596
-0.658191
-0.657786
-0.657381
-0.656976
-0.65657
-0.656164
-0.655758
-0.655351
-0.654945
-0.654538
-0.65413
-0.653723
-0.653315
-0.652907
-0.652499
-0.65209
-0.651681
-0.651272
-0.650863
-0.650453
-0.650043
-0.649633
-0.649223
-0.648812
-0.648401
-0.64799
-0.647579
-0.647167
-0.646755
-0.646343
-0.645931
-0.645518
-0.645105
-0.644692
-0.644279
-0.643865
-0.643451
-0.643037
-0.642622
-0.642208
-0.641793
-0.641378
-0.640962
-0.640546
-0.64013
-0.639714
-0.639298
-0.638881
-0.638464
-0.638047
-0.637629
-0.637212
-0.636794
-0.636375
-0.635957
-0.635538
-0.635119
-0.6347
-0.63428
-0.633861
-0.633441
-0.63302
-0.6326
-0.632179
-0.631758
-0.631337
-0.630916
-0.630494
-0.630072
-0.62965
-0.629227
-0.628804
-0.628381
-0.627958
-0.627535
-0.627111
-0.626687
-0.626263
-0.625838
-0.625414
-0.624989
-0.624563
-0.624138
-0.623712
-0.623286
-0.62286
-0.622434
-0.622007
-0.62158
-0.621153
-0.620726
-0.620298
-0.61987
-0.619442
-0.619013
-0.618585
-0.618156
-0.617727
-0.617297
-0.616868
-0.616438
-0.616008
-0.615578
-0.615147
-0.614716
-0.614285
-0.613854
-0.613422
-0.61299
-0.612558
-0.612126
-0.611694
-0.611261
-0.610828
-0.610394
-0.609961
-0.609527
-0.609093
-0.608659
-0.608225
-0.60779
-0.607355
-0.60692
-0.606484
-0.606049
-0.605613
-0.605177
-0.60474
-0.604304
-0.603867
-0.60343
-0.602992
-0.602555
-0.602117
-0.601679
-0.601241
-0.600802
-0.600364
-0.599925
-0.599485
-0.599046
-0.598606
-0.598166
-0.597726
-0.597286
-0.596845
-0.596404
-0.595963
-0.595522
-0.59508
-0.594638
-0.594196
-0.593754
-0.593311
-0.592869
-0.592426
-0.591982
-0.591539
-0.591095
-0.590651
-0.590207
-0.589763
-0.589318
-0.588873
-0.588428
-0.587983
-0.587537
-0.587092
-0.586646
-0.586199
-0.585753
-0.585306
-0.584859
-0.584412
-0.583965
-0.583517
-0.583069
-0.582621
-0.582173
-0.581724
-0.581275
-0.580826
-0.580377
-0.579928
-0.579478
-0.579028
-0.578578
-0.578128
-0.577677
-0.577226
-0.576775
-0.576324
-0.575872
-0.57542
-0.574968
-0.574516
-0.574064
-0.573611
-0.573158
-0.572705
-0.572252
-0.571798
-0.571344
-0.57089
-0.570436
-0.569982
-0.569527
-0.569072
-0.568617
-0.568162
-0.567706
-0.56725
-0.566794
-0.566338
-0.565881
-0.565425
-0.564968
-0.564511
-0.564053
-0.563596
-0.563138
-0.56268
-0.562222
-0.561763
-0.561304
-0.560845
-0.560386
-0.559927
-0.559467
-0.559007
-0.558547
-0.558087
-0.557627
-0.557166
-0.556705
-0.556244
-0.555783
-0.555321
-0.554859
-0.554397
-0.553935
-0.553472
-0.55301
-0.552547
-0.552084
-0.55162
-0.551157
-0.550693
-0.550229
-0.549765
-0.549301
-0.548836
-0.548371
-0.547906
-0.547441
-0.546975
-0.54651
-0.546044
-0.545577
-0.545111
-0.544645
-0.544178
-0.543711
-0.543244
-0.542776
-0.542308
-0.541841
-0.541372
-0.540904
-0.540436
-0.539967
-0.539498
-0.539029
-0.53856
-0.53809
-0.53762
-0.53715
-0.53668
-0.53621
-0.535739
-0.535268
-0.534797
-0.534326
-0.533854
-0.533383
-0.532911
-0.532439
-0.531966
-0.531494
-0.531021
-0.530548
-0.530075
-0.529602
-0.529128
-0.528654
-0.52818
-0.527706
-0.527232
-0.526757
-0.526282
-0.525807
-0.525332
-0.524857
-0.524381
-0.523905
-0.523429
-0.522953
-0.522476
-0.522
-0.521523
-0.521046
-0.520568
-0.520091
-0.519613
-0.519135
-0.518657
-0.518179
-0.5177
-0.517221
-0.516742
-0.516263
-0.515784
-0.515304
-0.514825
-0.514345
-0.513864
-0.513384
-0.512904
-0.512423
-0.511942
-0.511461
-0.510979
-0.510498
-0.510016
-0.509534
-0.509052
-0.508569
-0.508087
-0.507604
-0.507121
-0.506638
-0.506154
-0.505671
-0.505187
-0.504703
-0.504219
-0.503734
-0.50325
-0.502765
-0.50228
-0.501795
-0.50131
-0.500824
-0.500338
-0.499852
-0.499366
-0.49888
-0.498393
-0.497906
-0.497419
-0.496932
-0.496445
-0.495957
-0.49547
-0.494982
-0.494494
-0.494005
-0.493517
-0.493028
-0.492539
-0.49205
-0.491561
-0.491071
-0.490582
-0.490092
-0.489602
-0.489111
-0.488621
-0.48813
-0.487639
-0.487148
-0.486657
-0.486166
-0.485674
-0.485182
-0.48469
-0.484198
-0.483706
-0.483213
-0.48272
-0.482227
-0.481734
-0.481241
-0.480747
-0.480254
-0.47976
-0.479266
-0.478771
-0.478277
-0.477782
-0.477287
-0.476792
-0.476297
-0.475802
-0.475306
-0.47481
-0.474314
-0.473818
-0.473322
-0.472825
-0.472329
-0.471832
-0.471335
-0.470837
-0.47034
-0.469842
-0.469344
-0.468846
-0.468348
-0.46785
-0.467351
-0.466852
-0.466354
-0.465854
-0.465355
-0.464856
-0.464356
-0.463856
-0.463356
-0.462856
-0.462355
-0.461855
-0.461354
-0.460853
-0.460352
-0.459851
-0.459349
-0.458847
-0.458345
-0.457843
-0.457341
-0.456839
-0.456336
-0.455833
-0.45533
-0.454827
-0.454324
-0.453821
-0.453317
-0.452813
-0.452309
-0.451805
-0.4513
-0.450796
-0.450291
-0.449786
-0.449281
-0.448776
-0.44827
-0.447765
-0.447259
-0.446753
-0.446247
-0.44574
-0.445234
-0.444727
-0.44422
-0.443713
-0.443206
-0.442699
-0.442191
-0.441683
-0.441176
-0.440668
-0.440159
-0.439651
-0.439142
-0.438633
-0.438124
-0.437615
-0.437106
-0.436597
-0.436087
-0.435577
-0.435067
-0.434557
-0.434047
-0.433536
-0.433025
-0.432515
-0.432004
-0.431492
-0.430981
-0.43047
-0.429958
-0.429446
-0.428934
-0.428422
-0.427909
-0.427397
-0.426884
-0.426371
-0.425858
-0.425345
-0.424832
-0.424318
-0.423804
-0.42329
-0.422776
-0.422262
-0.421748
-0.421233
-0.420719
-0.420204
-0.419689
-0.419173
-0.418658
-0.418142
-0.417627
-0.417111
-0.416595
-0.416079
-0.415562
-0.415046
-0.414529
-0.414012
-0.413495
-0.412978
-0.412461
-0.411943
-0.411425
-0.410908
-0.41039
-0.409871
-0.409353
-0.408835
-0.408316
-0.407797
-0.407278
-0.406759
-0.40624
-0.40572
-0.405201
-0.404681
-0.404161
-0.403641
-0.403121
-0.4026
-0.40208
-0.401559
-0.401038
-0.400517
-0.399996
-0.399474
-0.398953
-0.398431
-0.397909
-0.397387
-0.396865
-0.396343
-0.39582
-0.395298
-0.394775
-0.394252
-0.393729
-0.393206
-0.392682
-0.392159
-0.391635
-0.391111
-0.390587
-0.390063
-0.389539
-0.389014
-0.38849
-0.387965
-0.38744
-0.386915
-0.38639
-0.385864
-0.385339
-0.384813
-0.384287
-0.383761
-0.383235
-0.382709
-0.382182
-0.381656
-0.381129
-0.380602
-0.380075
-0.379548
-0.37902
-0.378493
-0.377965
-0.377437
-0.376909
-0.376381
-0.375853
-0.375325
-0.374796
-0.374267
-0.373739
-0.37321
-0.37268
-0.372151
-0.371622
-0.371092
-0.370562
-0.370032
-0.369502
-0.368972
-0.368442
-0.367912
-0.367381
-0.36685
-0.366319
-0.365788
-0.365257
-0.364726
-0.364194
-0.363663
-0.363131
-0.362599
-0.362067
-0.361535
-0.361002
-0.36047
-0.359937
-0.359405
-0.358872
-0.358339
-0.357805
-0.357272
-0.356739
-0.356205
-0.355671
-0.355137
-0.354603
-0.354069
-0.353535
-0.353001
-0.352466
-0.351931
-0.351396
-0.350861
-0.350326
-0.349791
-0.349256
-0.34872
-0.348184
-0.347648
-0.347112
-0.346576
-0.34604
-0.345504
-0.344967
-0.344431
-0.343894
-0.343357
-0.34282
-0.342283
-0.341745
-0.341208
-0.34067
-0.340133
-0.339595
-0.339057
-0.338519
-0.33798
-0.337442
-0.336903
-0.336365
-0.335826
-0.335287
-0.334748
-0.334209
-0.333669
-0.33313
-0.33259
-0.332051
-0.331511
-0.330971
-0.330431
-0.32989
-0.32935
-0.328809
-0.328269
-0.327728
-0.327187
-0.326646
-0.326105
-0.325564
-0.325022
-0.324481
-0.323939
-0.323397
-0.322855
-0.322313
-0.321771
-0.321229
-0.320686
-0.320144
-0.319601
-0.319058
-0.318515
-0.317972
-0.317429
-0.316886
-0.316342
-0.315799
-0.315255
-0.314711
-0.314167
-0.313623
-0.313079
-0.312535
-0.31199
-0.311446
-0.310901
-0.310356
-0.309812
-0.309266
-0.308721
-0.308176
-0.307631
-0.307085
-0.306539
-0.305994
-0.305448
-0.304902
-0.304356
-0.303809
-0.303263
-0.302716
-0.30217
-0.301623
-0.301076
-0.300529
-0.299982
-0.299435
-0.298888
-0.29834
-0.297793
-0.297245
-0.296697
-0.296149
-0.295601
-0.295053
-0.294505
-0.293956
-0.293408
-0.292859
-0.292311
-0.291762
-0.291213
-0.290664
-0.290115
-0.289565
-0.289016
-0.288466
-0.287917
-0.287367
-0.286817
-0.286267
-0.285717
-0.285167
-0.284616
-0.284066
-0.283515
-0.282965
-0.282414
-0.281863
-0.281312
-0.280761
-0.28021
-0.279658
-0.279107
-0.278555
-0.278004
-0.277452
-0.2769
-0.276348
-0.275796
-0.275244
-0.274692
-0.274139
-0.273587
-0.273034
-0.272481
-0.271928
-0.271375
-0.270822
-0.270269
-0.269716
-0.269162
-0.268609
-0.268055
-0.267502
-0.266948
-0.266394
-0.26584
-0.265286
-0.264732
-0.264177
-0.263623
-0.263068
-0.262514
-0.261959
-0.261404
-0.260849
-0.260294
-0.259739
-0.259183
-0.258628
-0.258073
-0.257517
-0.256961
-0.256406
-0.25585
-0.255294
-0.254738
-0.254181
-0.253625
-0.253069
-0.252512
-0.251956
-0.251399
-0.250842
-0.250285
-0.249728
-0.249171
-0.248614
-0.248057
-0.2475
-0.246942
-0.246385
-0.245827
-0.245269
-0.244711
-0.244153
-0.243595
-0.243037
-0.242479
-0.24192
-0.241362
-0.240804
-0.240245
-0.239686
-0.239127
-0.238568
-0.238009
-0.23745
-0.236891
-0.236332
-0.235773
-0.235213
-0.234653
-0.234094
-0.233534
-0.232974
-0.232414
-0.231854
-0.231294
-0.230734
-0.230174
-0.229613
-0.229053
-0.228492
-0.227932
-0.227371
-0.22681
-0.226249
-0.225688
-0.225127
-0.224566
-0.224004
-0.223443
-0.222882
-0.22232
-0.221758
-0.221197
-0.220635
-0.220073
-0.219511
-0.218949
-0.218387
-0.217825
-0.217262
-0.2167
-0.216137
-0.215575
-0.215012
-0.214449
-0.213886
-0.213323
-0.21276
-0.212197
-0.211634
-0.211071
-0.210508
-0.209944
-0.209381
-0.208817
-0.208253
-0.20769
-0.207126
-0.206562
-0.205998
-0.205434
-0.20487
-0.204305
-0.203741
-0.203177
-0.202612
-0.202048
-0.201483
-0.200918
-0.200353
-0.199788
-0.199224
-0.198658
-0.198093
-0.197528
-0.196963
-0.196398
-0.195832
-0.195267
-0.194701
-0.194135
-0.19357
-0.193004
-0.192438
-0.191872
-0.191306
-0.19074
-0.190174
-0.189607
-0.189041
-0.188474
-0.187908
-0.187341
-0.186775
-0.186208
-0.185641
-0.185074
-0.184507
-0.18394
-0.183373
-0.182806
-0.182239
-0.181672
-0.181104
-0.180537
-0.179969
-0.179402
-0.178834
-0.178266
-0.177699
-0.177131
-0.176563
-0.175995
-0.175427
-0.174859
-0.17429
-0.173722
-0.173154
-0.172585
-0.172017
-0.171448
-0.17088
-0.170311
-0.169742
-0.169173
-0.168604
-0.168035
-0.167466
-0.166897
-0.166328
-0.165759
-0.16519
-0.16462
-0.164051
-0.163481
-0.162912
-0.162342
-0.161773
-0.161203
-0.160633
-0.160063
-0.159493
-0.158923
-0.158353
-0.157783
-0.157213
-0.156643
-0.156072
-0.155502
-0.154932
-0.154361
-0.153791
-0.15322
-0.152649
-0.152079
-0.151508
-0.150937
-0.150366
-0.149795
-0.149224
-0.148653
-0.148082
-0.147511
-0.146939
-0.146368
-0.145797
-0.145225
-0.144654
-0.144082
-0.14351
-0.142939
-0.142367
-0.141795
-0.141223
-0.140652
-0.14008
-0.139508
-0.138936
-0.138363
-0.137791
-0.137219
-0.136647
-0.136074
-0.135502
-0.13493
-0.134357
-0.133785
-0.133212
-0.132639
-0.132067
-0.131494
-0.130921
-0.130348
-0.129775
-0.129202
-0.128629
-0.128056
-0.127483
-0.12691
-0.126337
-0.125764
-0.12519
-0.124617
-0.124044
-0.12347
-0.122897
-0.122323
-0.121749
-0.121176
-0.120602
-0.120028
-0.119455
-0.118881
-0.118307
-0.117733
-0.117159
-0.116585
-0.116011
-0.115437
-0.114862
-0.114288
-0.113714
-0.11314
-0.112565
-0.111991
-0.111417
-0.110842
-0.110268
-0.109693
-0.109118
-0.108544
-0.107969
-0.107394
-0.10682
-0.106245
-0.10567
-0.105095
-0.10452
-0.103945
-0.10337
-0.102795
-0.10222
-0.101645
-0.101069
-0.100494
-0.099919
-0.0993436
-0.0987683
-0.0981929
-0.0976175
-0.097042
-0.0964665
-0.095891
-0.0953154
-0.0947398
-0.0941641
-0.0935884
-0.0930127
-0.0924369
-0.0918611
-0.0912853
-0.0907094
-0.0901335
-0.0895576
-0.0889816
-0.0884056
-0.0878295
-0.0872534
-0.0866773
-0.0861012
-0.085525
-0.0849488
-0.0843725
-0.0837962
-0.0832199
-0.0826435
-0.0820672
-0.0814907
-0.0809143
-0.0803378
-0.0797613
-0.0791847
-0.0786082
-0.0780315
-0.0774549
-0.0768782
-0.0763015
-0.0757248
-0.075148
-0.0745713
-0.0739944
-0.0734176
-0.0728407
-0.0722638
-0.0716869
-0.0711099
-0.0705329
-0.0699559
-0.0693788
-0.0688018
-0.0682247
-0.0676475
-0.0670704
-0.0664932
-0.065916
-0.0653388
-0.0647615
-0.0641842
-0.0636069
-0.0630296
-0.0624522
-0.0618748
-0.0612974
-0.06072
-0.0601425
-0.059565
-0.0589875
-0.05841
-0.0578324
-0.0572549
-0.0566773
-0.0560997
-0.055522
-0.0549444
-0.0543667
-0.053789
-0.0532112
-0.0526335
-0.0520557
-0.0514779
-0.0509001
-0.0503223
-0.0497444
-0.0491666
-0.0485887
-0.0480108
-0.0474328
-0.0468549
-0.0462769
-0.0456989
-0.0451209
-0.0445429
-0.0439649
-0.0433868
-0.0428088
-0.0422307
-0.0416526
-0.0410744
-0.0404963
-0.0399181
-0.03934
-0.0387618
-0.0381836
-0.0376054
-0.0370271
-0.0364489
-0.0358706
-0.0352924
-0.0347141
-0.0341358
-0.0335575
-0.0329791
-0.0324008
-0.0318224
-0.0312441
-0.0306657
-0.0300873
-0.0295089
-0.0289305
-0.0283521
-0.0277736
-0.0271952
-0.0266167
-0.0260383
-0.0254598
-0.0248813
-0.0243028
-0.0237243
-0.0231458
-0.0225672
-0.0219887
-0.0214102
-0.0208316
-0.020253
-0.0196745
-0.0190959
-0.0185173
-0.0179387
-0.0173601
-0.0167815
-0.0162029
-0.0156243
-0.0150457
-0.014467
-0.0138884
-0.0133098
-0.0127311
-0.0121525
-0.0115738
-0.0109951
-0.0104165
-0.0098378
-0.00925913
-0.00868045
-0.00810177
-0.00752308
-0.0069444
-0.00636571
-0.00578701
-0.00520832
-0.00462962
-0.00405092
-0.00347222
-0.00289352
-0.00231482
-0.00173611
-0.00115741
-0.000578705
0
